162.069 161.725 164.853 164.897 172.375
159.538 162.409 165.214 162.890 170.732
163.200 159.118 163.336 165.515 170.075
163.507 160.882 161.127 164.820 171.014
163.300 167.759 163.962 165.455 171.565
160.698 166.911 163.367 167.976 174.495
159.642 163.547 162.682 166.410 172.480
158.733 166.402 163.588 165.896 174.178
157.337 162.710 163.206 166.408 174.552
156.509 165.911 164.639 166.294 174.162
155.661 164.600 163.695 165.904 175.905
156.876 163.876 162.628 166.779 173.956
159.276 161.361 160.071 166.231 173.543
159.761 165.817 162.878 168.249 173.181
158.972 166.454 161.662 168.386 174.137
163.760 164.743 162.157 170.060 171.785
160.116 167.136 162.225 170.015 173.256
159.157 164.071 160.683 167.287 173.645
164.357 167.895 163.999 166.639 172.162
160.087 164.194 163.033 167.242 173.020
158.131 166.077 162.107 170.826 170.684
166.083 168.453 162.399 167.752 173.309
158.162 166.481 160.294 170.148 173.813
159.314 164.678 159.651 167.582 173.870
168.025 166.723 158.774 176.361 169.516
159.426 165.286 161.223 168.818 172.127
158.748 167.174 161.699 170.074 173.269
174.290 169.672 159.411 177.592 168.584
159.074 167.038 163.964 170.079 173.972
160.033 169.127 165.399 171.262 172.759
162.505 160.809 157.968 169.699 166.998
159.522 167.225 163.322 170.420 173.364
175.706 168.720 166.587 172.997 170.453
161.159 169.015 163.951 169.852 173.190
161.802 168.186 163.336 171.014 171.428
173.677 164.637 162.175 175.171 170.024
161.130 167.029 160.549 173.150 171.110
160.714 166.528 159.775 171.998 173.974
158.081 158.408 162.474 163.918 170.830
171.784 162.059 151.189 170.906 162.327
157.896 159.856 157.097 170.084 175.312
155.566 156.048 161.291 160.195 173.966
174.463 165.410 158.339 173.704 172.605
153.999 157.883 160.222 161.413 174.984
151.461 157.115 157.138 167.710 173.291
172.979 163.277 163.027 166.473 168.863
153.223 160.591 160.473 158.223 173.082
153.739 163.378 161.513 162.844 174.893
176.469 159.285 158.757 175.716 162.418
152.668 163.169 161.337 162.038 174.408
151.303 163.729 163.345 162.809 174.970
167.327 166.284 167.404 172.862 163.770
154.652 163.986 162.697 163.692 173.703
177.342 168.642 170.190 173.531 175.313
155.725 163.137 163.316 164.407 175.396
157.201 161.222 159.971 167.977 174.765
169.536 164.045 166.787 174.604 167.029
156.688 162.892 159.372 163.967 176.237
177.516 167.346 166.492 170.349 169.714
156.917 161.881 155.660 167.615 178.950
157.429 163.959 161.500 166.519 177.783
166.030 168.030 161.012 170.969 161.779
156.766 163.598 161.106 165.401 175.252
177.941 164.240 167.726 175.670 167.483
153.751 163.620 159.452 163.170 175.731
157.150 165.709 159.799 166.568 175.545
170.546 160.519 163.707 175.304 166.830
157.626 165.563 160.972 167.973 176.331
152.858 161.592 162.359 167.463 173.166
174.422 154.437 159.169 167.730 170.467
153.787 162.461 161.609 167.746 172.961
152.019 159.626 159.076 165.840 173.293
158.962 163.028 164.225 166.541 173.585
159.230 166.718 167.242 173.417 172.768
155.410 164.854 161.899 169.354 174.076
153.130 161.834 159.180 167.272 172.682
157.146 165.907 163.323 169.401 173.684
157.263 164.846 159.688 164.283 172.310
163.177 170.585 154.714 175.563 159.949
155.085 162.893 158.097 169.035 172.943
153.394 165.089 155.319 169.903 175.953
154.958 164.427 157.756 167.463 175.554
155.704 160.693 156.179 166.053 170.614
166.571 165.970 157.400 174.700 165.198
157.187 162.338 156.922 165.954 172.145
156.314 165.871 162.586 165.892 176.235
163.171 168.890 165.042 173.831 173.438
176.469 165.114 166.927 175.204 169.732
162.013 165.791 163.137 171.583 175.647
162.069 167.586 164.588 172.331 174.877
174.110 167.037 164.054 171.634 169.195
161.411 168.045 164.049 174.402 173.661
162.521 167.122 167.460 171.797 174.227
177.214 165.845 161.174 172.617 169.057
162.166 170.324 164.011 174.584 175.254
163.597 166.911 165.637 172.607 173.958
172.140 166.304 164.736 173.740 170.513
162.201 169.178 165.078 173.920 173.941
162.819 172.627 162.201 174.342 173.927
172.284 160.254 166.082 176.134 166.831
161.545 167.867 163.098 174.158 177.204
160.560 171.710 163.174 176.563 173.958
174.203 166.894 163.424 167.108 164.827
163.843 167.143 161.634 173.269 175.049
162.644 169.400 163.775 172.641 173.982
174.469 158.851 164.269 170.320 164.929
164.020 169.292 163.313 174.694 175.582
162.791 166.015 164.002 172.357 174.077
166.226 166.570 164.995 169.427 166.233
162.883 169.978 163.410 174.925 175.164
164.388 168.644 162.046 174.530 173.670
169.086 167.915 162.652 169.575 171.862
163.281 167.970 164.119 173.128 174.435
162.611 168.766 163.880 173.824 175.192
166.248 169.507 163.230 170.731 170.836
162.149 169.454 165.462 173.490 176.704
162.531 169.307 163.948 174.470 170.371
165.498 166.467 163.019 174.458 172.807
161.015 167.456 166.334 172.598 178.269
161.105 170.514 164.461 173.129 171.148
164.416 169.195 166.745 174.214 174.796
162.323 167.348 166.613 173.196 175.278
162.095 170.366 163.881 174.604 172.853
161.567 167.177 163.839 178.292 174.787
161.855 167.796 165.431 172.171 175.358
161.652 168.158 164.745 173.516 175.993
165.257 169.317 162.871 175.728 171.552
162.701 168.142 164.510 173.713 175.586
162.908 168.177 164.439 172.779 172.701
163.173 169.552 167.182 175.327 175.161
159.404 167.294 165.332 172.780 172.252
160.733 167.229 165.311 174.334 173.034
162.981 167.163 163.579 175.833 169.980
162.093 170.930 164.085 174.874 172.431
161.469 170.596 163.042 174.771 172.008
165.422 169.166 164.494 177.054 174.556
161.648 166.536 164.630 171.784 174.391
161.037 164.781 166.795 171.322 171.978
160.786 166.656 159.659 171.616 169.160
161.031 165.361 166.665 172.029 173.454
160.246 165.040 166.626 171.413 172.796
162.168 169.259 164.198 175.454 172.759
161.325 166.535 166.758 172.835 174.855
160.598 166.321 166.469 170.032 173.591
162.238 169.115 163.494 175.130 173.716
161.233 165.906 166.652 171.554 173.215
161.183 166.374 166.326 172.096 173.661
160.975 169.380 161.612 177.280 170.598
160.549 165.904 166.785 171.636 173.579
161.577 166.489 165.869 172.543 172.562
161.684 168.703 162.828 175.153 172.801
161.204 166.262 166.171 172.506 173.961
161.822 166.431 166.128 172.364 173.953
159.465 169.493 164.257 172.399 170.972
163.025 167.419 165.923 173.262 172.951
163.468 166.893 167.018 172.858 172.660
164.752 170.005 163.568 172.667 171.307
161.302 166.677 166.869 172.651 173.678
161.733 167.005 167.661 172.646 175.784
162.451 171.926 165.605 172.953 170.323
161.449 165.142 167.593 170.769 172.891
161.624 164.211 165.173 170.520 173.327
164.177 168.856 160.219 172.501 171.599
163.064 164.702 165.016 170.264 172.561
162.680 165.312 166.883 170.947 173.133
165.725 173.718 163.917 171.802 171.185
163.854 165.521 165.309 170.913 173.036
161.997 166.008 165.367 171.732 172.067
164.008 170.467 161.592 172.727 171.546
161.666 165.658 165.895 170.719 172.217
160.824 165.790 166.740 172.094 172.270
165.793 171.329 162.533 173.912 171.611
161.458 164.870 166.727 170.084 171.942
161.010 163.892 166.455 169.334 173.148
166.789 174.145 164.203 175.340 171.162
161.700 165.747 166.486 170.411 171.920
161.736 165.722 165.736 171.294 171.805
167.803 173.961 163.099 175.195 169.896
160.960 165.653 165.880 170.072 172.426
160.232 165.792 166.452 170.629 173.296
166.545 167.752 161.939 174.144 171.829
161.034 165.609 165.145 169.577 172.435
161.106 165.539 162.769 170.519 171.788
168.246 164.041 166.844 168.256 170.644
159.945 167.499 163.862 172.962 173.922
158.746 163.605 164.128 169.284 174.920
173.572 161.030 157.968 175.621 166.148
158.693 164.436 164.808 171.096 171.083
158.421 161.055 160.038 164.784 172.273
160.182 163.313 164.178 168.270 172.239
168.257 166.327 151.037 175.456 162.266
156.377 160.923 164.101 164.459 170.056
153.605 159.360 163.380 162.784 169.515
170.802 159.549 157.351 172.875 168.181
155.420 160.221 163.771 162.350 169.496
153.889 159.706 160.060 167.961 174.211
154.024 158.986 164.500 164.634 172.769
153.753 158.283 161.363 164.490 174.283
154.145 158.576 162.779 162.016 170.520
176.667 158.982 165.848 172.892 169.018
154.482 158.176 165.336 159.415 169.816
155.947 158.955 161.537 165.384 173.479
155.043 158.501 160.634 163.821 171.143
156.159 157.892 161.138 163.903 170.033
171.008 163.513 160.400 173.929 166.682
153.483 156.766 164.813 162.021 171.046
153.498 154.837 165.262 159.293 169.747
176.606 162.249 156.783 176.518 171.753
152.736 157.872 165.771 162.909 168.386
152.897 157.152 166.693 162.045 168.491
175.586 156.725 165.638 170.743 169.132
153.697 155.522 165.649 159.398 168.370
154.093 160.262 164.813 164.533 167.926
160.566 161.491 157.816 168.510 171.973
154.313 158.003 167.022 163.497 172.158
155.536 156.140 165.432 163.537 168.151
154.219 157.470 165.494 164.925 169.108
156.926 156.176 163.287 163.877 168.477
157.583 156.053 162.553 164.038 168.871
153.875 156.660 163.655 164.505 168.171
156.160 157.217 159.030 165.187 168.741
158.833 159.377 159.461 163.657 167.781
158.072 157.834 157.171 164.128 169.455
156.999 156.525 158.836 160.650 171.578
157.298 157.745 161.536 164.002 168.626
155.843 156.917 160.743 165.703 170.668
154.501 154.858 159.865 162.839 169.505
157.435 152.799 158.663 157.798 167.770
155.119 154.646 160.880 161.497 165.920
158.831 154.623 159.219 161.210 166.319
156.167 155.167 161.589 163.012 168.770
152.586 151.274 161.278 160.872 165.310
156.674 151.781 158.952 163.251 165.711
160.025 156.483 162.665 162.280 171.177
157.598 152.870 161.458 162.813 169.004
156.407 154.324 160.881 159.671 170.789
157.706 153.727 167.500 160.067 171.617
159.167 155.837 164.053 163.198 170.838
156.382 155.528 167.665 162.338 170.068
156.090 158.562 164.154 164.193 172.893
157.725 156.430 163.775 164.594 171.485
156.192 155.918 166.419 163.269 170.928
158.646 158.008 164.524 164.762 169.878
156.753 156.762 166.547 163.499 170.862
157.475 159.546 165.944 164.863 171.471
154.741 158.730 166.774 163.251 174.058
155.670 157.334 167.392 165.703 170.864
158.598 158.808 166.335 167.640 168.916
166.365 163.822 157.367 171.913 165.062
154.986 162.744 166.939 166.939 173.288
157.036 158.582 165.165 164.574 173.196
159.694 157.213 167.272 165.741 168.999
164.383 169.008 157.182 172.569 162.389
154.598 158.420 166.871 166.578 173.320
155.803 159.227 168.756 167.769 173.305
162.345 165.749 156.298 173.758 167.099
155.460 159.534 168.566 165.242 172.203
156.082 157.671 169.062 164.686 169.845
162.605 168.674 154.956 174.559 164.837
158.333 160.262 165.886 165.457 174.032
155.775 160.271 165.762 166.050 174.915
158.840 171.157 160.081 168.030 161.577
158.187 158.905 163.926 164.599 170.306
159.691 154.895 159.393 165.827 168.725
161.945 168.846 155.960 171.954 164.772
164.170 154.483 156.903 167.218 166.414
159.264 158.890 161.749 164.081 170.405
163.965 167.722 155.806 174.110 164.062
160.471 159.147 165.274 164.848 172.549
159.152 154.141 165.430 163.152 168.226
159.688 159.679 167.233 165.878 170.098
160.365 158.295 162.573 163.552 173.366
159.831 157.255 164.667 164.061 168.755
169.195 162.037 155.195 176.408 165.997
162.194 159.051 161.706 164.499 171.775
158.792 156.010 167.020 162.016 171.050
158.587 156.536 166.711 162.771 170.856
160.348 160.009 166.563 165.459 172.825
158.448 159.246 161.311 164.181 173.266
158.083 158.681 165.536 165.224 169.974
157.631 156.915 165.691 162.879 171.009
158.268 159.166 164.437 164.943 172.903
157.829 156.998 165.561 163.735 172.705
159.693 156.627 166.103 163.505 172.164
157.781 156.198 168.051 162.342 172.110
156.231 156.509 168.195 164.129 172.461
156.263 159.570 169.027 163.937 173.640
156.186 163.473 164.937 167.174 174.551
157.700 162.586 161.962 166.076 173.908
156.434 162.294 165.955 164.280 173.503
157.314 162.277 163.647 164.559 174.838
157.064 161.247 165.369 165.552 172.698
169.215 169.803 157.823 176.071 169.942
158.128 161.127 167.280 162.925 173.967
160.032 164.034 162.890 165.307 169.593
157.185 162.400 166.927 163.593 174.613
156.589 161.692 167.600 163.206 174.386
154.455 159.448 172.666 161.215 171.276
157.470 156.380 170.573 160.884 173.343
157.074 153.858 170.920 159.555 171.888
156.806 156.930 169.226 160.881 173.100
157.463 157.106 169.018 158.915 172.740
154.278 156.464 172.073 158.877 172.483
154.857 158.388 170.868 160.707 174.229
157.927 159.913 168.319 162.571 172.330
162.149 159.676 166.529 163.414 170.898
162.377 160.985 168.738 164.013 172.088
164.316 162.510 163.682 167.675 167.687
161.014 158.721 164.865 166.640 171.656
165.039 158.689 165.795 165.276 169.728
165.290 156.554 159.563 167.286 163.320
162.112 162.481 165.904 167.063 169.200
161.076 155.992 167.941 161.619 169.616
161.623 155.161 169.991 158.914 170.229
160.119 158.241 169.567 165.990 170.772
159.524 156.150 169.490 163.071 173.557
159.024 156.811 170.858 160.535 173.649
160.023 158.144 168.849 163.927 171.158
160.942 159.582 172.205 165.191 171.340
159.354 163.071 169.934 165.227 172.684
159.100 161.024 168.445 166.503 171.460
160.133 159.686 168.961 161.340 173.256
160.362 156.035 172.028 161.479 171.572
159.256 155.630 172.035 160.127 170.980
158.309 156.876 169.753 161.944 170.174
159.409 155.795 170.973 159.747 169.933
158.639 156.788 170.288 160.270 170.647
158.486 156.268 170.755 160.251 171.026
158.930 155.510 170.137 159.846 169.527
160.452 156.563 170.040 160.780 170.296
160.482 156.871 169.773 160.659 170.440
158.664 157.348 168.833 163.374 169.479
159.118 158.330 168.486 163.184 171.390
158.244 158.293 168.378 161.639 171.871
157.874 159.637 164.495 164.192 173.222
160.297 161.213 161.839 163.429 173.860
162.162 157.920 165.112 162.710 169.766
159.916 153.885 167.956 160.595 169.643
161.359 154.369 164.629 163.507 167.695
159.485 156.015 169.233 160.226 171.921
165.185 159.535 160.384 163.774 162.953
157.502 155.553 167.649 162.365 170.740
156.465 155.959 168.633 163.559 172.025
157.533 157.136 170.773 161.661 171.459
153.260 155.308 171.252 161.561 166.841
162.786 159.048 161.974 167.456 158.856
155.023 154.368 166.616 160.666 167.658
166.938 161.587 156.562 167.257 158.800
152.189 156.181 165.489 162.122 170.041
155.538 155.294 160.661 163.221 171.365
164.500 162.041 156.522 170.842 163.170
154.591 159.332 162.682 165.161 170.715
163.907 164.247 162.789 175.609 162.906
152.068 155.141 162.435 163.954 171.599
169.842 160.818 157.745 171.307 161.915
152.523 157.364 166.496 161.789 168.049
154.140 155.266 163.730 164.853 169.860
154.251 158.826 156.114 167.273 160.398
155.418 155.656 164.440 163.650 165.587
165.009 159.472 157.324 166.290 154.757
155.752 159.662 164.392 164.898 166.235
169.569 162.517 160.329 173.207 159.699
154.795 157.012 170.002 166.141 171.130
155.061 155.675 167.525 165.064 169.910
165.268 163.851 156.298 177.121 162.277
157.342 156.729 164.913 166.309 171.516
169.733 161.290 159.533 177.066 161.788
158.053 162.380 166.115 170.108 171.106
156.735 162.999 170.727 167.983 171.060
158.461 162.832 168.560 168.594 171.154
158.007 163.617 171.491 169.510 171.326
159.430 163.501 166.751 170.195 171.305
158.919 163.286 170.696 167.875 170.101
160.575 163.925 171.549 168.401 169.547
158.027 163.689 171.628 167.246 170.038
159.521 164.746 172.655 168.602 171.549
158.371 165.142 170.221 167.799 170.294
159.693 165.567 171.101 169.814 172.489
158.160 163.346 171.158 170.023 172.639
158.347 166.480 168.900 172.661 174.052
160.540 165.681 170.171 170.328 173.490
155.794 164.173 169.968 170.119 174.306
157.630 164.108 168.667 170.408 173.295
157.694 165.331 168.526 170.012 173.928
159.259 164.244 169.802 168.718 173.404
159.272 164.734 170.011 168.400 172.115
158.918 162.132 168.639 167.671 172.974
158.919 161.867 168.446 165.260 171.558
158.207 161.887 169.672 166.255 171.279
158.437 161.403 168.855 164.664 169.676
158.183 162.260 169.194 167.807 172.245
159.983 162.625 168.856 166.870 171.596
160.848 161.743 170.677 166.133 171.899
160.455 162.450 171.153 166.024 172.157
160.359 162.226 169.209 166.267 171.911
159.194 163.603 168.766 166.812 172.087
158.559 162.117 170.009 166.139 172.443
160.904 164.909 165.593 168.655 172.797
158.763 161.049 170.570 165.642 171.778
158.687 162.541 168.671 167.209 172.695
157.453 160.946 170.445 165.292 172.138
156.934 162.875 169.753 167.069 172.436
156.684 162.601 167.285 167.362 171.717
157.782 162.540 169.058 166.799 171.235
159.889 165.134 166.092 167.589 170.948
158.504 162.744 169.433 165.975 171.865
159.453 164.207 169.495 166.105 171.721
160.393 163.231 168.104 166.948 171.158
159.826 163.979 168.765 165.795 171.235
157.325 160.636 170.434 165.007 172.414
157.725 161.848 167.865 167.037 171.425
155.374 164.515 166.630 169.556 172.680
157.843 163.546 167.855 166.068 172.870
157.102 162.816 168.060 167.248 171.823
158.114 162.839 166.707 166.864 171.566
155.984 162.781 167.345 167.969 171.170
157.907 163.106 165.889 166.222 171.123
158.310 162.664 167.934 167.699 171.395
156.524 162.395 166.957 167.041 171.690
156.973 161.197 167.892 166.247 170.474
157.806 163.757 167.680 168.471 171.076
157.927 162.045 169.048 166.142 170.435
158.387 162.102 168.012 166.940 171.043
156.778 162.519 167.178 166.750 170.476
156.892 163.803 168.712 168.406 171.398
156.671 163.292 168.029 168.496 171.795
155.880 162.281 170.970 166.595 171.774
156.759 163.641 168.589 168.413 172.327
156.651 163.428 167.694 169.200 173.169
156.620 162.564 167.161 168.011 172.513
156.922 161.848 168.424 166.548 173.062
156.975 162.372 168.519 168.105 174.149
157.438 162.927 168.675 168.012 174.298
157.535 162.162 168.934 167.348 173.540
158.441 163.742 169.005 168.728 175.372
157.577 163.703 168.843 168.183 175.795
155.552 161.843 170.542 167.079 173.947
157.549 162.350 168.275 167.931 173.730
157.106 163.018 167.893 167.462 173.776
155.682 163.054 167.044 167.980 175.574
154.556 160.731 170.961 166.295 172.974
156.851 164.330 168.899 169.616 175.007
157.060 163.895 167.901 167.869 173.995
154.930 162.521 170.253 167.852 174.125
155.618 163.833 167.994 168.792 173.829
155.849 163.015 170.035 168.748 175.208
157.628 164.066 168.566 169.129 175.094
157.421 162.543 170.369 167.244 173.864
157.073 164.095 168.825 169.422 175.222
156.360 162.780 169.474 166.490 174.046
156.175 163.529 169.656 169.689 175.239
158.166 163.455 168.369 166.678 172.672
158.216 164.099 169.271 169.603 174.620
159.578 164.647 167.456 166.976 173.226
156.870 162.978 172.153 167.020 173.771
157.409 165.855 168.791 167.511 172.550
158.420 162.459 169.402 167.126 172.591
157.255 165.540 168.885 167.287 172.368
159.869 163.743 168.419 168.236 171.791
159.343 162.961 168.855 166.288 171.509
157.383 163.630 169.033 167.235 172.888
157.497 162.225 168.394 167.230 171.909
159.135 165.254 167.387 168.234 172.882
157.563 163.043 168.579 167.057 173.180
158.717 165.519 167.857 169.072 173.172
158.106 164.019 168.135 167.799 172.020
157.566 165.010 168.545 169.026 174.091
159.438 166.320 167.688 168.979 173.733
157.426 164.784 169.512 168.444 174.030
158.431 166.979 167.718 169.934 174.165
158.623 166.095 168.481 169.423 173.865
158.322 164.849 169.265 168.952 173.612
159.860 166.283 166.606 168.634 174.942
156.636 164.469 169.844 167.675 173.715
159.417 166.517 167.819 169.661 174.574
158.478 165.196 169.613 168.327 174.141
158.079 164.743 170.002 168.376 173.872
159.813 166.335 167.548 169.552 174.544
157.251 165.637 169.875 169.480 175.928
159.399 166.738 167.837 170.591 176.048
158.407 165.119 169.215 168.410 173.230
157.927 166.556 169.488 171.063 176.118
158.594 166.491 169.012 171.206 175.817
158.229 167.832 168.361 172.245 175.801
158.134 165.563 167.787 170.672 176.988
160.464 166.649 164.082 170.586 175.377
159.738 165.158 164.536 169.402 175.295
158.637 164.265 164.114 169.117 176.264
163.280 103.776 141.582 95.723 106.264
155.518 162.530 163.982 166.811 174.787
138.798 115.812 143.945 62.653 120.249
155.194 163.666 164.737 168.475 174.832
133.929 128.462 150.537 105.516 168.844
155.668 162.627 165.563 168.513 174.734
139.655 94.770 145.737 102.570 112.798
155.951 162.530 165.228 168.436 175.110
161.381 110.629 153.244 124.844 125.237
155.712 164.243 166.723 170.405 174.756
156.950 166.026 166.598 172.996 174.816
157.716 164.945 168.276 171.146 176.231
158.172 164.883 167.160 170.695 174.982
158.976 162.204 168.839 168.775 172.846
158.442 165.533 166.211 170.581 173.351
157.855 164.068 164.057 172.476 175.093
158.583 163.684 164.378 171.084 174.920
164.956 164.550 152.696 169.253 175.921
157.234 164.191 164.452 170.461 175.740
154.654 163.516 165.713 170.012 174.336
161.151 163.909 152.268 172.684 177.983
155.680 162.299 165.430 168.517 175.195
154.599 163.264 166.719 170.615 175.456
165.598 166.779 152.737 170.585 174.184
156.200 162.268 165.121 168.471 174.065
156.879 164.516 165.454 170.899 176.410
168.962 164.738 158.594 171.004 170.181
156.685 164.126 164.201 171.240 174.728
156.413 163.515 165.437 170.161 175.516
167.586 165.814 157.468 170.481 169.665
155.632 165.485 163.739 171.028 176.306
157.042 164.273 165.363 170.793 175.633
167.150 165.452 158.163 173.237 169.969
155.826 165.068 166.570 171.481 173.951
156.102 164.951 163.942 170.657 175.939
167.802 165.989 158.154 171.682 170.642
156.101 164.160 165.078 169.315 173.993
155.172 165.893 166.159 171.172 173.644
166.824 163.842 160.219 173.953 169.543
156.939 164.724 164.975 169.842 174.109
156.789 165.433 164.434 171.004 174.195
166.775 167.222 158.165 178.345 172.350
156.034 167.909 166.191 172.784 175.468
155.058 164.695 165.468 170.957 173.599
162.689 167.798 156.739 177.080 173.115
155.431 164.794 166.441 171.213 174.462
155.564 166.098 167.047 170.692 176.273
157.795 165.548 166.291 169.399 173.728
157.802 164.570 166.806 169.134 172.658
159.467 165.525 167.297 168.410 172.791
158.589 165.434 165.911 169.518 173.973
159.108 164.065 166.846 167.902 171.712
158.637 165.062 166.965 168.940 172.421
158.149 166.916 166.133 169.598 173.457
169.473 166.888 158.482 177.443 175.683
160.225 165.477 164.946 169.800 170.995
158.954 166.482 166.172 170.370 173.509
158.560 164.619 166.311 169.208 172.976
166.945 172.313 156.662 177.297 172.989
158.349 165.287 168.462 169.427 173.360
157.204 167.114 167.122 171.156 173.893
168.573 171.295 156.868 177.366 173.879
155.167 165.846 168.549 170.932 174.099
156.558 166.792 166.130 171.205 174.798
167.027 167.869 155.796 173.334 174.110
157.305 166.712 166.960 171.862 175.100
155.860 167.015 168.000 171.387 174.226
156.019 167.366 167.647 171.527 174.533
169.722 166.360 157.618 176.691 171.064
155.439 166.865 168.505 172.321 173.817
156.923 165.450 166.606 172.076 174.057
158.323 165.627 166.757 169.349 172.402
157.353 162.677 167.493 169.283 172.362
159.384 166.147 167.506 169.732 173.544
157.812 162.264 166.032 167.657 172.677
159.369 164.858 166.500 169.416 172.158
159.966 163.898 165.532 168.737 171.796
156.578 160.392 167.124 164.795 171.617
158.447 162.681 165.654 168.084 171.652
167.493 167.978 157.095 166.537 168.253
158.574 164.624 166.946 168.640 172.997
159.357 164.109 165.273 168.676 172.526
167.299 164.864 157.906 170.268 168.602
158.921 164.912 167.769 169.212 173.414
158.062 166.296 165.491 169.996 172.504
165.714 166.386 157.489 171.891 170.694
157.134 164.832 168.902 170.128 174.272
157.919 169.783 165.262 173.408 170.892
156.270 166.451 165.973 172.056 174.076
155.046 167.144 165.234 173.225 172.914
166.155 166.513 160.840 173.028 166.530
153.756 167.214 165.868 173.110 172.511
153.538 166.857 165.516 172.189 172.647
155.318 163.406 165.076 169.084 171.439
156.309 168.013 165.676 171.935 171.130
167.288 169.652 162.451 174.609 170.924
154.177 162.559 165.214 167.444 169.959
154.760 167.265 166.639 171.569 171.994
164.767 171.123 164.576 172.435 168.671
154.015 165.458 165.788 169.407 170.877
154.791 165.684 167.285 170.547 171.516
168.571 169.299 162.399 174.721 165.644
155.829 164.581 165.137 169.929 170.141
157.042 164.859 167.152 170.802 171.272
167.276 168.894 164.205 175.575 168.263
155.667 163.954 165.787 169.175 169.258
154.361 164.889 166.563 168.679 170.463
155.154 164.194 165.852 169.369 170.791
155.059 165.291 166.457 169.978 171.851
154.660 165.844 165.429 169.893 171.173
152.840 164.705 166.758 169.574 171.363
168.394 166.968 163.234 174.474 166.412
155.215 164.697 165.489 167.879 170.457
154.217 165.941 167.399 168.416 169.996
153.080 166.491 166.364 169.208 170.219
155.951 164.559 164.889 167.236 170.036
153.082 165.702 168.460 169.378 170.951
153.673 168.435 165.278 169.069 169.731
152.625 164.588 167.080 167.057 169.740
151.547 166.081 164.870 167.534 171.188
150.155 165.652 165.656 166.799 170.307
157.907 172.187 160.686 172.464 166.432
151.954 165.975 165.866 166.374 170.326
151.214 165.254 167.090 167.882 171.156
150.070 167.307 164.943 167.694 170.258
150.566 165.066 166.115 166.957 170.318
150.650 166.812 166.630 166.644 171.727
148.962 165.658 166.287 165.730 171.924
148.504 168.159 166.723 168.303 171.319
149.345 165.296 165.472 165.745 172.201
148.903 168.466 167.176 168.781 172.497
149.872 167.654 166.339 167.774 172.554
150.237 166.215 165.281 165.886 170.651
152.049 166.198 165.775 167.798 173.032
151.381 165.134 164.052 165.041 173.967
153.126 166.075 163.551 165.755 173.708
154.272 164.634 161.481 165.648 174.683
154.573 164.214 163.245 165.533 174.772
156.669 165.037 161.496 166.049 174.431
155.802 165.719 162.115 168.579 175.727
156.125 162.754 164.106 166.949 175.042
157.223 162.595 162.640 165.010 173.219
156.322 164.523 161.055 167.215 174.560
157.201 163.730 163.710 165.317 173.817
156.955 164.202 161.883 166.221 173.892
157.005 163.974 162.295 165.661 173.429
156.673 163.973 161.684 165.857 174.763
156.948 164.005 163.432 165.295 173.983
156.843 165.342 161.802 167.969 175.524
157.517 163.274 162.948 165.230 173.371
155.838 164.558 161.607 167.161 174.275
156.633 164.078 161.553 166.350 173.143
156.973 163.575 163.122 165.669 173.387
155.864 165.697 162.974 168.286 176.287
156.636 163.469 163.784 165.072 173.910
155.917 166.235 162.462 168.679 176.001
157.161 163.718 162.692 166.293 173.240
154.981 164.222 162.421 167.539 174.497
156.948 165.630 163.393 167.315 174.137
154.205 165.029 164.519 169.854 175.576
156.933 164.860 160.828 165.197 173.077
155.836 166.828 162.699 169.161 176.658
156.326 167.335 162.754 169.546 176.559
156.152 165.330 162.656 167.556 174.833
154.449 166.049 163.112 168.762 175.960
156.807 164.574 160.898 165.322 173.716
156.407 165.801 162.517 168.128 175.394
154.655 165.730 162.975 169.759 175.463
156.314 163.939 161.585 165.979 173.367
157.356 165.829 162.278 167.793 174.529
155.155 164.295 164.280 167.920 175.385
157.856 164.895 161.927 166.614 173.498
156.382 166.379 162.953 169.937 176.141
157.513 165.240 163.316 167.436 174.216
155.757 165.352 163.336 169.828 175.348
158.223 164.146 160.447 165.578 173.685
157.179 165.011 163.683 167.984 173.939
155.086 164.843 163.850 168.807 175.534
157.226 163.891 160.918 165.991 173.583
170.382 166.910 157.321 172.422 164.159
157.006 163.122 161.556 165.712 173.352
157.308 163.874 160.501 167.339 173.436
156.789 164.356 162.500 167.209 173.943
171.122 168.038 157.753 175.829 164.457
157.781 164.594 162.061 166.164 173.596
156.747 165.865 162.610 169.229 174.628
173.312 169.216 160.566 177.494 168.422
155.543 165.251 162.728 169.055 174.795
156.349 164.787 162.880 166.623 174.025
157.363 164.128 160.659 167.252 173.529
157.400 164.206 161.470 165.821 173.931
171.935 168.823 160.956 171.614 168.260
157.801 164.310 161.869 166.760 173.512
156.818 164.114 162.354 166.033 173.430
172.770 167.792 157.427 174.478 165.380
156.598 165.003 161.135 167.191 173.677
156.324 164.587 162.307 166.511 173.896
174.192 170.931 161.420 175.537 172.135
157.282 162.529 161.799 165.667 171.901
157.907 162.864 159.901 165.764 171.532
170.903 168.797 158.411 178.105 169.962
157.946 164.410 161.301 167.758 172.945
157.035 164.754 161.226 167.782 173.165
171.581 168.721 159.382 173.095 167.258
156.981 163.625 161.345 165.987 172.527
156.867 164.977 163.044 169.333 174.989
171.303 167.614 159.730 177.942 166.803
156.688 165.264 162.274 167.235 174.097
158.276 163.087 160.975 165.837 172.135
156.940 164.205 161.891 167.374 174.158
156.963 164.363 161.591 166.139 173.216
173.695 170.000 158.689 176.704 169.310
157.531 164.446 161.117 166.832 173.901
156.895 164.830 161.987 168.109 173.997
157.169 163.031 161.238 166.036 171.864
170.162 168.484 159.922 178.223 170.267
157.063 165.546 160.683 169.804 175.617
157.522 163.529 162.129 165.886 172.269
156.949 164.859 161.968 167.418 174.464
157.201 164.100 161.526 167.700 174.204
158.386 164.675 160.012 167.342 173.946
172.689 166.820 159.181 179.075 171.492
157.197 164.435 161.341 166.705 173.574
155.643 165.756 160.976 168.849 175.409
157.686 163.566 162.290 165.346 173.440
157.928 164.753 161.084 167.272 173.109
157.818 164.063 160.409 166.053 173.424
158.095 163.635 161.518 165.388 173.404
156.826 164.999 162.197 166.004 173.680
157.582 164.786 161.423 166.935 173.337
156.854 162.435 162.441 165.484 171.432
156.554 164.292 161.884 165.325 171.844
155.569 165.461 162.589 166.415 171.385
156.045 165.587 163.494 167.876 170.013
156.306 163.858 163.164 165.999 169.976
154.961 163.451 162.970 167.065 169.157
154.875 166.538 161.944 166.219 171.750
155.968 163.928 165.632 165.657 170.015
154.816 164.369 164.123 164.763 171.238
155.029 166.005 165.210 166.541 171.703
154.643 164.762 167.598 167.396 170.110
152.991 166.613 165.657 166.206 170.678
152.195 166.211 167.132 166.648 170.884
152.260 165.845 167.009 166.057 171.717
151.208 166.863 166.645 167.300 171.205
151.786 166.495 166.995 166.618 172.623
149.022 167.098 168.018 168.412 172.988
150.330 166.998 167.101 168.810 173.263
149.699 168.026 167.785 168.640 174.384
149.672 167.563 167.605 169.085 173.763
149.281 168.833 167.645 169.190 174.815
149.436 167.875 168.146 168.864 174.887
149.540 168.752 167.041 168.971 174.915
149.745 169.683 167.912 168.764 174.713
148.594 167.828 167.375 168.927 174.177
150.382 169.714 167.234 167.838 175.071
148.743 170.595 169.270 167.439 175.397
149.276 170.252 168.836 167.336 174.548
148.481 169.610 169.092 166.926 174.865
148.633 170.650 168.527 168.956 175.546
148.142 170.831 169.961 166.216 176.419
151.800 170.601 166.890 167.146 178.070
147.326 171.291 170.199 168.778 175.989
149.088 170.333 170.436 164.981 177.011
147.285 170.661 169.464 165.716 175.038
150.959 169.331 168.012 166.756 177.060
146.678 169.212 170.696 166.998 174.457
149.559 161.903 166.365 164.184 173.720
151.621 159.254 164.436 161.922 167.492
156.305 158.342 158.519 161.465 172.003
155.697 158.701 160.535 161.427 170.047
155.959 159.864 160.684 161.579 171.968
155.897 161.264 161.759 163.296 172.035
156.108 163.864 162.026 164.613 173.882
156.720 164.170 162.216 164.648 173.979
157.632 166.583 162.596 167.388 176.264
155.632 166.985 163.825 171.048 175.442
157.282 165.164 163.440 166.178 174.356
157.267 164.886 163.066 169.505 174.648
155.575 164.881 163.417 167.708 174.734
156.677 164.955 161.894 167.455 174.409
157.181 167.776 163.115 169.642 176.283
156.628 165.857 162.130 170.738 175.441
158.075 163.652 161.317 166.331 172.767
158.447 164.777 161.654 167.159 173.577
154.823 165.270 162.295 169.506 174.789
156.854 164.491 162.289 165.797 172.660
158.196 166.494 161.542 171.545 174.300
157.143 164.116 163.368 166.263 172.895
157.583 167.151 163.113 171.332 175.463
156.873 165.089 162.420 166.591 175.034
155.970 165.960 163.983 170.219 173.986
157.075 164.711 163.495 165.701 174.181
157.513 166.416 161.189 170.308 175.048
157.026 165.590 161.861 167.911 173.639
157.962 164.769 161.677 167.561 173.547
156.643 165.363 163.078 168.360 174.441
156.908 165.029 162.290 167.347 174.927
157.166 164.399 162.690 167.326 173.223
157.834 164.900 161.815 167.201 174.271
158.332 165.223 162.593 166.455 173.836
154.825 165.679 164.204 170.340 174.930
157.948 164.373 161.925 166.115 173.369
156.322 165.526 162.032 170.952 174.712
159.101 164.601 162.075 167.288 172.569
158.069 163.969 162.035 167.258 173.899
156.383 165.423 162.052 168.830 174.163
156.389 164.175 163.319 167.785 174.276
156.219 164.842 163.189 168.546 174.883
155.578 164.154 163.018 167.954 173.919
158.130 164.790 161.729 167.063 173.785
158.783 165.126 162.162 169.788 175.087
157.217 164.433 162.440 168.090 173.653
156.828 164.358 161.831 166.293 173.877
157.984 165.290 162.644 169.594 174.988
157.810 164.727 162.155 167.530 173.615
157.611 165.023 163.433 166.823 174.374
157.885 165.821 163.996 169.386 174.978
158.111 164.897 163.857 168.357 173.603
157.680 164.309 163.370 167.143 174.686
157.156 164.301 161.993 167.786 173.590
157.092 165.524 163.144 168.168 175.016
157.284 163.436 163.505 167.252 173.806
156.705 164.343 162.135 167.648 172.010
155.956 165.539 162.048 167.671 172.187
154.906 164.282 162.794 167.108 171.635
155.462 163.311 162.130 167.637 171.227
156.121 163.455 160.564 166.675 169.816
155.496 164.976 162.024 166.907 170.771
155.836 164.512 161.074 167.685 170.038
155.721 165.006 162.455 167.267 170.664
155.497 164.551 162.053 166.907 169.296
156.179 164.870 163.206 168.203 170.641
155.898 165.129 162.611 168.518 170.340
154.197 163.921 165.717 166.174 169.940
156.741 162.248 160.794 165.162 170.603
154.572 163.775 163.161 164.492 171.306
155.983 163.343 162.212 164.553 169.206
155.223 166.117 164.981 165.599 171.488
154.694 164.551 163.501 164.362 170.693
155.370 163.714 164.109 164.212 170.670
154.099 165.985 165.169 164.282 170.851
152.464 164.729 164.578 163.455 171.047
154.053 164.845 163.876 163.836 170.748
153.413 164.077 164.156 164.354 171.097
152.191 164.688 165.406 164.092 171.089
152.167 163.750 166.142 163.535 171.003
152.593 164.144 164.706 164.622 171.010
151.773 163.241 164.776 164.009 169.817
151.844 162.224 164.079 163.310 171.100
152.540 162.493 163.881 164.537 171.019
152.530 163.857 163.190 165.215 171.649
151.244 162.520 163.600 164.081 170.212
151.097 162.282 164.828 163.958 171.129
152.656 163.254 163.343 164.892 170.564
152.937 164.736 164.147 165.921 172.199
151.196 162.245 164.299 163.868 171.177
151.493 163.170 165.210 165.222 171.511
152.276 164.677 163.295 164.900 171.882
149.986 164.240 164.865 163.980 171.622
152.779 163.018 163.820 165.033 172.530
153.586 157.566 160.064 163.410 171.263
155.741 159.404 157.042 159.734 170.068
156.098 159.527 157.760 162.890 170.171
156.324 160.752 158.669 161.949 172.261
155.692 159.388 159.670 163.479 173.032
157.110 160.047 159.104 162.093 174.132
156.980 159.985 161.292 161.186 173.233
156.687 160.576 161.641 162.158 174.109
157.440 160.013 161.771 161.045 174.020
155.786 160.644 160.531 164.339 172.220
157.610 160.736 160.475 164.697 173.469
156.823 160.350 161.014 164.450 173.709
157.569 160.462 159.554 163.324 172.715
157.269 160.384 161.781 164.534 172.603
169.826 167.059 159.137 175.648 166.696
157.680 160.767 160.103 164.381 172.687
157.192 161.555 159.378 164.478 172.215
158.439 159.945 159.632 162.912 173.667
157.523 161.708 160.606 164.417 174.316
159.176 158.987 160.531 162.684 173.102
159.010 161.235 161.266 164.911 173.502
159.754 161.435 160.276 163.128 174.087
156.833 160.981 163.607 164.995 174.601
158.779 161.176 162.496 162.551 173.374
160.213 163.100 162.248 162.293 175.290
158.257 162.170 164.061 164.884 174.425
159.456 161.640 162.438 164.346 173.211
158.811 161.620 160.295 165.052 172.619
159.790 162.771 161.604 163.597 174.542
160.044 161.248 162.087 165.540 174.491
160.494 161.933 160.423 163.507 174.550
160.235 162.227 161.245 163.897 175.586
160.706 162.804 162.192 165.605 175.075
159.914 161.844 163.825 166.122 174.268
159.679 163.410 161.808 163.953 174.123
158.560 162.950 163.765 165.464 173.034
158.354 163.758 162.748 166.552 174.366
157.174 163.706 162.621 166.145 174.981
158.435 163.425 161.056 166.353 174.568
158.639 163.335 161.560 165.683 174.624
157.291 163.327 163.589 167.320 173.911
158.831 163.654 162.108 165.620 173.539
158.039 164.088 163.288 165.384 173.898
158.044 165.792 162.861 168.820 175.247
156.889 165.150 162.281 167.856 174.516
158.887 162.983 162.286 165.998 172.397
157.600 165.255 165.096 165.755 174.073
157.007 165.737 165.452 168.350 175.608
157.136 163.928 165.188 166.019 174.172
158.247 164.730 164.661 167.549 175.045
157.956 164.377 165.544 166.996 173.664
157.808 165.783 163.651 168.000 175.102
157.183 165.139 165.814 167.530 174.714
158.254 165.297 166.089 168.293 176.134
157.439 164.794 165.989 166.008 175.103
158.082 164.707 164.212 167.326 175.711
158.040 165.779 164.917 167.118 174.521
157.721 166.923 164.374 169.118 177.319
157.460 165.791 164.311 167.236 175.113
158.838 163.019 164.367 166.738 174.226
157.735 165.636 164.442 166.325 173.776
157.767 165.792 164.130 167.640 174.854
157.857 165.163 163.447 166.940 174.424
156.769 164.441 164.444 167.110 175.230
158.279 164.088 161.612 166.110 173.002
155.977 164.842 165.124 165.598 174.001
158.096 165.543 163.703 167.845 175.535
158.535 166.172 163.458 167.834 173.627
157.602 164.677 163.150 167.558 175.024
157.180 165.884 164.685 166.786 174.404
157.443 165.626 164.896 168.155 174.312
158.491 163.712 166.258 165.927 174.084
157.973 163.630 164.549 166.588 174.744
157.917 164.305 165.758 166.229 174.361
158.422 164.104 166.178 165.727 173.816
158.390 164.718 164.193 167.818 174.526
156.310 165.571 163.949 168.016 172.358
156.565 164.904 163.883 167.272 172.134
157.713 163.787 164.320 166.126 170.221
157.134 163.352 165.020 166.573 169.909
157.071 163.564 163.416 167.448 169.572
156.429 164.704 163.426 166.787 169.523
156.002 164.375 165.084 167.845 170.218
157.333 163.801 163.744 165.698 171.136
157.678 164.076 164.595 167.028 170.709
157.039 164.140 163.932 166.592 171.366
157.064 163.681 163.429 166.323 170.889
156.148 163.834 164.547 166.731 170.835
155.789 163.185 164.993 167.431 170.416
157.597 164.527 163.416 166.651 170.258
156.737 164.464 164.361 166.737 170.162
155.025 163.535 163.082 167.507 170.256
155.679 163.939 163.253 166.018 170.438
156.930 162.734 163.374 165.304 169.642
156.561 163.081 163.441 165.635 170.311
156.548 162.958 162.679 165.449 170.686
156.864 164.221 163.733 166.128 170.783
155.289 162.892 164.143 165.343 170.274
154.625 163.532 164.901 164.079 170.069
155.029 163.957 164.437 164.242 170.584
155.429 163.528 164.090 164.866 170.184
154.310 164.152 164.990 164.381 170.794
153.790 164.144 165.801 163.885 170.187
153.879 164.524 165.347 163.937 170.666
153.169 164.529 165.214 164.876 170.421
153.927 164.265 165.104 164.253 169.386
153.595 164.352 165.556 163.700 171.265
154.721 164.818 164.625 164.142 171.167
153.434 164.248 164.977 162.681 170.185
152.363 161.611 162.691 165.424 170.872
153.455 165.272 165.734 163.676 171.049
152.597 164.115 165.109 163.290 169.603
155.381 163.782 162.619 164.519 170.517
153.014 161.228 162.790 165.069 170.194
155.833 164.340 159.006 166.443 173.621
155.993 162.224 160.432 164.291 173.690
154.797 160.425 160.879 163.327 172.953
156.899 160.255 160.157 163.188 172.393
156.331 161.467 162.429 164.836 171.337
156.877 161.219 160.061 162.786 175.034
157.152 161.210 161.174 164.144 171.675
156.546 160.748 160.388 162.341 173.268
156.392 161.032 160.273 162.005 172.293
156.710 161.804 161.475 162.682 172.201
157.251 161.133 159.793 162.482 173.243
157.975 161.476 159.119 164.485 172.947
156.905 161.489 161.333 162.699 172.027
158.086 161.436 158.754 162.938 172.462
158.048 160.774 161.261 162.989 172.749
158.097 161.669 161.102 163.171 172.866
158.656 162.006 160.453 163.894 172.416
158.715 161.383 159.536 162.949 172.396
160.290 161.472 160.287 163.837 172.987
157.854 160.518 159.566 163.905 172.390
159.747 161.201 159.538 161.673 172.448
158.669 161.885 159.486 164.930 173.008
158.121 161.648 160.646 164.274 172.354
158.370 160.597 159.059 163.550 172.613
158.925 160.874 159.835 163.703 172.418
157.671 159.822 158.817 161.967 171.622
159.807 161.559 160.171 162.015 171.936
159.167 160.962 160.085 163.585 172.758
160.306 162.854 159.990 163.994 172.583
158.576 161.235 160.176 164.195 171.845
159.084 161.474 160.447 161.556 172.088
159.356 161.771 161.161 164.035 172.626
159.053 161.504 161.922 163.236 172.664
159.372 161.748 160.825 163.753 173.332
158.437 162.475 160.912 165.028 173.194
159.178 162.186 161.195 163.115 173.045
160.060 161.956 161.718 163.562 172.854
158.722 162.376 161.008 163.849 173.923
159.726 163.644 162.196 163.996 172.380
159.173 163.029 160.871 163.697 172.779
159.775 163.857 162.303 164.972 173.444
159.114 163.118 162.439 164.564 173.826
159.242 163.690 161.728 164.970 172.874
158.848 162.461 161.034 164.340 172.976
159.042 163.129 162.312 165.136 172.940
158.633 162.933 160.891 165.743 171.859
160.283 162.081 161.231 164.416 172.331
159.614 162.783 161.185 163.531 174.289
159.790 162.491 161.480 164.538 173.095
160.997 162.478 162.101 164.086 174.189
159.147 162.228 160.972 164.809 172.610
160.196 162.337 161.641 164.882 173.314
160.176 162.813 161.210 165.126 173.679
159.656 163.315 161.107 164.000 174.476
159.178 163.099 161.835 165.848 173.496
160.135 160.613 160.139 162.776 172.756
159.655 163.294 161.532 166.395 173.239
160.165 162.651 160.986 164.788 174.070
160.756 162.699 160.877 165.113 173.004
160.357 162.327 161.297 163.452 173.230
160.266 162.458 160.727 163.785 173.720
159.846 162.015 160.746 163.303 173.837
160.020 163.095 161.054 163.570 172.576
159.679 161.413 160.313 163.111 172.658
160.058 162.520 161.843 164.210 172.756
159.345 161.819 161.381 163.068 172.957
159.197 161.506 159.932 162.451 172.767
160.001 162.039 161.759 163.045 173.131
160.184 162.530 161.284 163.432 173.378
160.617 161.302 160.256 162.802 173.320
159.748 162.420 161.625 163.327 173.786
160.453 162.975 161.295 163.001 173.807
160.798 163.361 160.906 165.098 172.239
159.459 162.777 160.734 163.870 173.564
159.696 162.107 161.718 163.543 173.561
161.301 162.070 161.665 163.657 174.070
158.872 162.274 162.203 165.342 173.138
159.839 162.098 162.157 162.439 171.922
159.810 162.247 161.034 164.567 172.569
160.226 162.525 161.989 164.032 173.097
159.870 162.117 162.042 163.221 172.532
159.657 161.167 161.303 163.512 173.797
159.122 162.226 161.540 163.645 173.251
158.757 163.648 160.698 166.404 170.874
157.713 162.975 159.721 166.591 169.022
158.944 163.741 160.280 166.704 170.919
155.810 163.465 161.827 166.496 171.062
156.501 162.786 159.610 167.133 171.596
156.493 162.618 161.458 166.749 171.104
155.739 162.316 161.472 165.466 170.521
155.653 163.014 160.214 165.295 170.725
156.124 161.531 160.001 164.644 170.621
155.236 162.618 161.808 165.571 169.904
154.619 160.988 160.420 164.129 171.076
154.741 160.035 160.774 163.847 169.906
155.965 160.260 160.079 163.107 170.342
154.507 161.438 161.356 164.882 170.843
154.607 158.588 158.994 163.021 171.138
155.080 160.714 160.839 164.025 169.479
155.246 159.528 159.762 163.830 171.352
155.317 159.999 161.507 163.574 169.340
155.146 160.100 159.401 163.761 171.361
155.943 158.887 159.907 162.536 169.923
155.367 159.940 160.980 163.513 169.229
155.897 159.324 160.320 163.331 169.676
153.668 158.332 162.171 161.574 170.065
153.020 157.853 161.225 161.919 168.819
151.298 156.620 160.441 161.381 169.606
151.083 157.566 160.913 162.191 169.542
150.428 157.318 161.277 161.925 171.228
150.578 155.564 160.383 161.702 171.567
150.983 158.840 162.481 161.529 172.354
150.655 157.807 161.947 162.868 170.843
150.214 158.424 162.104 160.697 170.731
150.703 157.407 161.089 163.342 172.132
150.450 156.302 160.799 161.433 172.377
149.620 157.919 161.981 161.958 171.544
150.124 158.999 161.192 162.595 172.565
149.148 155.971 161.627 161.327 172.352
148.445 159.321 162.228 162.949 171.204
148.656 156.094 161.375 162.492 172.884
150.047 156.748 159.336 161.213 173.080
153.737 159.081 159.440 160.700 170.761
153.342 161.830 159.701 164.417 171.935
154.222 159.567 156.670 161.040 171.454
155.075 158.986 157.861 163.444 172.366
155.362 161.841 158.257 162.630 171.833
156.569 160.538 156.483 163.053 171.822
157.971 161.416 157.201 162.650 172.213
157.978 158.546 157.680 164.596 171.541
158.582 159.891 156.297 162.058 172.777
159.257 160.371 157.166 163.111 172.040
158.086 159.515 156.197 161.702 172.735
158.849 160.852 155.039 162.344 174.012
157.314 159.554 156.264 163.432 170.539
159.777 160.179 154.474 160.698 172.358
158.180 159.417 158.765 163.553 173.450
158.989 161.618 156.506 160.998 173.001
158.022 162.286 160.328 163.965 173.947
155.641 159.424 157.960 163.398 170.635
157.811 161.062 155.688 163.796 171.015
157.264 159.732 157.861 162.304 172.334
156.147 161.418 156.566 163.291 171.466
158.331 161.328 157.454 162.564 171.339
157.747 161.494 157.178 162.127 171.780
158.733 160.949 156.350 162.284 172.718
156.297 159.846 157.271 163.545 172.261
157.411 162.324 155.644 161.132 171.516
159.271 161.557 158.180 161.853 172.910
159.417 162.844 159.970 162.835 172.038
158.065 162.457 160.745 165.425 174.583
158.973 162.385 158.869 163.413 174.065
159.390 162.098 159.710 163.619 172.154
158.053 163.288 160.058 164.370 172.991
159.871 163.393 159.762 163.854 171.858
159.042 163.169 159.100 164.939 174.131
159.646 164.616 159.947 164.637 173.307
159.149 163.985 159.268 165.676 173.092
160.630 165.215 160.692 164.634 172.141
158.146 165.486 160.910 165.985 173.791
159.824 166.197 160.193 165.737 174.232
157.072 164.227 162.188 163.705 170.371
157.664 165.405 163.113 165.202 172.554
159.238 163.989 158.704 165.677 171.329
158.411 164.965 159.809 165.293 172.460
157.578 167.642 160.877 167.342 173.647
158.801 167.482 160.349 166.632 174.566
158.279 165.876 159.787 166.845 173.827
158.941 167.523 160.747 165.941 173.568
159.063 167.633 160.264 167.694 173.721
158.404 166.012 160.268 166.418 172.910
158.167 165.509 158.697 167.694 173.462
158.834 165.785 160.307 167.440 173.830
159.148 167.173 158.292 168.599 173.503
157.751 165.762 160.275 167.664 172.094
159.014 165.938 160.323 167.308 172.065
158.976 165.895 160.342 168.562 173.968
159.404 166.459 160.599 168.014 173.563
158.783 164.528 160.472 167.184 170.895
159.248 164.554 159.955 164.877 171.439
157.912 168.118 160.822 168.520 173.690
159.043 165.667 161.100 167.282 172.603
160.290 164.940 160.403 167.574 172.913
158.635 165.703 160.119 167.458 172.640
159.924 165.073 159.822 167.029 171.405
159.735 165.348 159.613 168.009 172.096
159.793 165.195 160.649 167.361 171.605
159.560 165.483 160.818 167.515 171.222
159.581 165.237 161.009 167.790 172.107
159.521 165.502 160.123 167.384 172.029
160.376 166.129 159.756 168.361 173.510
158.960 164.318 160.772 166.972 171.827
160.603 166.494 159.683 167.458 172.783
160.294 164.855 160.793 168.260 170.717
159.309 165.232 160.000 166.811 171.237
158.911 164.962 160.226 167.898 172.725
159.550 165.762 161.565 167.482 172.528
159.475 164.840 160.921 167.519 171.299
159.157 165.495 160.971 167.612 172.934
158.113 167.275 161.305 167.421 173.364
158.292 166.674 160.903 168.588 171.615
159.857 164.548 160.993 164.815 170.661
159.109 165.931 160.573 167.693 172.961
159.251 165.110 160.188 167.622 171.335
159.525 165.591 159.984 167.455 171.815
159.613 165.764 159.943 167.934 171.987
159.212 164.204 159.940 166.067 170.718
160.251 165.456 159.835 167.915 171.835
159.059 165.659 160.601 167.128 171.654
159.676 167.261 160.812 167.549 172.580
159.439 165.068 159.493 166.832 171.991
158.806 164.049 159.584 166.936 173.177
159.611 165.643 160.638 167.058 172.913
159.851 166.903 159.478 168.538 172.389
159.182 166.762 161.101 167.074 172.153
159.393 165.944 160.267 166.808 171.464
159.228 164.967 159.770 167.159 173.134
159.420 166.742 161.597 167.962 172.896
159.809 166.449 160.578 167.178 172.347
159.773 165.784 160.949 167.588 172.842
159.434 167.651 160.396 168.821 174.072
160.620 165.610 161.782 166.334 170.752
159.017 165.966 159.347 168.670 175.394
159.588 167.705 160.772 167.224 173.246
159.955 166.700 160.990 167.064 172.936
160.973 165.292 159.710 167.082 172.744
161.065 165.943 160.507 166.594 172.175
160.689 166.374 161.561 167.612 173.486
161.320 165.502 160.525 166.778 172.725
159.552 166.772 160.999 167.631 173.949
159.590 163.801 161.477 165.830 171.774
159.946 165.318 158.526 167.504 175.325
160.350 166.475 160.373 167.743 172.507
160.545 165.625 160.853 166.967 172.161
159.633 166.665 160.911 168.649 172.953
161.129 165.079 159.579 166.134 171.724
160.447 166.091 159.131 168.051 172.832
160.090 163.362 160.784 164.447 172.596
159.583 166.247 158.902 168.168 175.544
159.915 166.743 161.923 165.995 173.197
160.719 165.427 160.034 167.392 172.586
160.310 164.389 160.511 165.936 171.757
160.211 165.584 160.297 167.880 173.132
159.770 164.294 161.373 166.200 172.102
159.984 165.003 159.223 167.284 173.588
160.858 165.029 160.988 166.401 172.336
159.679 166.268 160.341 168.369 174.639
160.394 166.636 160.632 167.111 172.281
160.719 164.712 161.601 166.841 173.777
160.932 164.244 158.261 167.509 172.151
160.020 164.756 159.404 166.733 172.150
159.252 166.835 159.096 168.127 174.225
159.618 166.129 159.731 168.170 173.486
159.454 166.862 159.923 167.914 173.305
158.771 167.470 159.465 167.947 173.084
158.720 164.322 159.370 166.118 172.030
159.669 165.994 160.279 167.089 173.047
158.958 168.771 160.568 168.744 173.869
158.792 164.396 159.855 166.944 172.633
158.768 164.208 159.170 168.076 173.300
159.992 168.787 157.777 170.318 173.155
159.881 166.245 159.160 167.788 172.356
158.664 163.671 161.775 165.182 172.225
158.606 166.342 160.211 167.459 175.629
158.824 168.415 160.707 168.323 175.888
160.626 168.332 161.733 167.157 170.883
