16:50:18.642   148.984   171.832   175.575   173.501   159.899
16:50:18.704   151.969   165.254   160.080   175.894   162.368
16:50:18.784   149.608   171.546   177.038   173.304   164.343
16:50:18.785   162.126   168.131   154.676   173.452   166.532
16:50:18.823   166.816   169.203   158.953   174.320   170.275
16:50:18.893   146.830   169.693   170.820   171.689   154.695
16:50:18.895   168.339   173.864   164.507   174.796   178.734
16:50:18.951   156.221   165.656   157.995   173.690   161.414
16:50:18.953   161.535   169.349   164.979   171.650   178.670
16:50:18.982   160.748   170.664   162.162   172.736   178.439
16:50:19.050   144.893   176.342   173.097   177.040   164.115
16:50:19.051   159.950   169.845   163.964   171.888   179.343
16:50:19.105   164.120   163.818   158.453   173.885   163.939
16:50:19.107   160.641   171.816   161.088   173.856   179.795
16:50:19.135   160.622   170.296   160.901   173.082   178.346
16:50:19.204   148.445   171.533   174.236   158.558   151.116
16:50:19.205   158.697   170.987   162.761   173.287   177.835
16:50:19.265   152.133   165.643   160.181   176.737   160.021
16:50:19.266   159.449   170.144   162.526   173.714   177.372
16:50:19.312   159.374   166.238   161.208   177.299   167.883
16:50:19.313   160.667   170.399   160.587   173.031   178.256
16:50:19.344   160.653   170.735   161.973   172.333   176.943
16:50:19.409   147.850   167.915   175.260   169.052   164.088
16:50:19.411   162.196   171.390   160.944   172.676   176.770
16:50:19.470   148.570   168.283   165.700   172.624   162.536
16:50:19.471   160.813   171.020   162.634   172.393   177.043
16:50:19.517   156.366   167.760   160.549   177.061   168.414
16:50:19.518   160.688   170.427   161.530   172.096   177.666
16:50:19.547   160.068   170.165   161.299   172.370   177.225
16:50:19.614   140.458   174.868   173.611   171.291   160.151
16:50:19.615   162.002   170.455   161.096   170.758   178.345
16:50:19.670   159.935   165.378   161.884   176.792   164.406
16:50:19.672   162.515   170.541   161.302   173.064   179.841
16:50:19.701   165.514   170.531   162.036   173.755   179.406
16:50:19.754   168.425   169.980   162.705   173.521   178.886
16:50:19.834   143.316   172.215   167.288   173.146   170.558
16:50:19.835   167.516   172.142   158.512   177.450   178.708
16:50:19.891   159.626   161.933   158.677   178.374   160.124
16:50:19.893   166.836   173.525   157.216   176.102   177.053
16:50:19.921   167.968   171.937   162.579   174.215   175.935
16:50:19.989   149.122   165.092   168.629   172.719   163.546
16:50:19.991   170.257   170.801   165.444   175.510   178.946
16:50:20.034   154.694   161.423   166.636   170.752   160.839
16:50:20.035   166.524   167.808   164.112   175.692   179.413
16:50:20.079   158.569   160.243   153.394   169.676   163.168
16:50:20.080   163.346   169.948   161.723   173.312   175.703
16:50:20.110   165.591   168.280   164.505   175.439   176.763
16:50:20.164   165.216   168.484   161.410   175.883   177.080
16:50:20.228   164.475   169.028   154.747   175.704   174.541
16:50:20.288   163.761   171.176   155.800   177.103   175.137
16:50:20.352   165.828   168.846   166.124   178.872   173.913
16:50:20.354   160.666   167.756   157.675   171.584   177.351
16:50:20.395   161.069   164.393   163.922   173.569   178.146
16:50:20.464   167.053   165.973   161.194   171.004   168.347
16:50:20.466   159.594   166.337   169.371   173.769   178.548
16:50:20.504   158.396   167.594   165.326   174.711   177.032
16:50:20.556   157.878   167.387   167.183   173.342   176.441
16:50:20.606   156.791   166.985   165.972   171.991   175.857
16:50:20.668   155.785   167.043   166.572   171.686   176.986
16:50:20.730   156.676   166.236   166.244   172.288   177.288
16:50:20.779   162.163   166.793   165.394   170.650   173.869
16:50:20.828   159.187   162.298   168.469   166.697   177.923
16:50:20.876   159.229   160.568   167.908   166.278   176.442
16:50:20.937   158.649   160.921   168.683   169.451   174.812
16:50:20.997   159.333   161.561   168.748   167.510   175.513
16:50:21.044   160.679   162.370   167.082   172.051   175.439
16:50:21.094   159.375   162.321   166.224   172.013   175.217
16:50:21.154   158.914   162.639   165.477   171.591   175.079
16:50:21.216   157.726   166.950   160.852   176.366   175.569
16:50:21.266   158.030   165.881   161.185   173.243   174.995
16:50:21.315   158.527   163.373   161.849   172.157   172.437
16:50:21.375   158.263   167.722   160.319   173.117   175.534
16:50:21.437   159.887   168.723   160.486   175.125   175.740
16:50:21.501   158.798   165.627   160.556   172.932   174.352
16:50:21.579   165.597   160.241   157.174   176.811   172.652
16:50:21.581   158.017   165.314   160.079   172.105   173.170
16:50:21.621   157.899   168.460   161.205   174.477   175.447
16:50:21.674   159.286   168.199   159.038   173.430   173.773
16:50:21.738   163.879   167.985   157.306   179.549   169.047
16:50:21.739   158.677   167.192   160.517   173.653   174.344
16:50:21.778   159.636   169.017   158.382   174.531   174.768
16:50:21.846   160.397   169.463   154.925   178.341   168.094
16:50:21.848   159.330   168.238   160.874   174.555   174.086
16:50:21.887   159.811   169.234   158.601   176.107   174.820
16:50:21.954   167.895   167.064   155.562   177.572   167.208
16:50:21.956   160.171   168.739   160.918   174.629   173.641
16:50:21.995   159.402   169.502   159.199   174.476   174.132
16:50:22.065   164.790   162.347   157.774   174.519   166.178
16:50:22.067   160.283   169.110   159.083   174.133   173.889
16:50:22.107   160.983   169.652   159.544   174.536   172.674
16:50:22.176   166.671   165.054   158.417   175.004   165.379
16:50:22.178   159.139   168.829   159.329   174.356   174.411
16:50:22.215   159.327   168.785   158.983   174.545   172.762
16:50:22.268   158.751   168.036   158.691   173.403   173.652
16:50:22.344   163.669   166.154   154.341   177.737   169.179
16:50:22.346   160.328   166.822   160.479   174.751   173.201
16:50:22.389   159.020   167.920   159.481   174.817   173.840
16:50:22.456   168.229   160.284   159.491   177.603   168.491
16:50:22.458   160.486   168.467   160.008   174.962   172.916
16:50:22.499   159.714   168.582   158.892   173.768   174.347
16:50:22.567   165.487   166.152   156.974   177.853   170.716
16:50:22.569   159.793   168.982   160.098   175.138   175.148
16:50:22.606   160.396   169.668   159.169   175.562   174.065
16:50:22.675   163.560   164.138   156.054   172.671   167.583
16:50:22.676   159.191   168.799   159.027   174.946   174.109
16:50:22.717   158.880   169.145   158.502   174.364   174.335
16:50:22.786   167.056   162.498   159.605   179.747   171.353
16:50:22.787   159.195   168.906   159.155   173.781   174.917
16:50:22.829   158.128   166.244   159.059   172.022   174.474
16:50:22.878   158.610   164.307   160.657   170.974   173.245
16:50:22.926   157.917   162.011   161.941   167.309   174.603
16:50:22.975   157.700   160.702   162.296   165.346   172.939
16:50:23.022   157.973   162.439   162.388   167.196   173.905
16:50:23.071   158.981   161.768   163.164   165.897   173.046
16:50:23.134   158.707   162.042   162.933   166.501   173.139
16:50:23.196   158.267   162.282   163.012   165.620   173.604
16:50:23.243   158.052   161.827   162.968   165.522   173.276
16:50:23.292   158.553   161.351   162.219   166.000   172.184
16:50:23.339   158.156   161.714   162.050   165.569   173.065
16:50:23.405   163.237   161.540   152.254   175.833   175.530
16:50:23.406   158.327   162.514   160.110   165.849   172.859
16:50:23.446   159.529   165.231   160.242   169.732   174.746
16:50:23.513   160.485   160.624   152.548   173.269   170.981
16:50:23.515   160.370   161.116   162.515   165.146   173.119
16:50:23.555   159.638   162.431   160.766   166.952   172.455
16:50:23.627   163.876   166.291   152.560   174.680   171.976
16:50:23.628   159.428   162.078   161.170   166.465   172.870
16:50:23.668   159.372   162.648   161.024   166.251   173.265
16:50:23.736   161.017   161.648   151.894   174.075   172.103
16:50:23.737   158.347   162.823   160.511   166.200   174.301
16:50:23.777   157.917   162.653   160.406   166.136   174.275
16:50:23.847   147.758   158.271   161.354   177.572   157.563
16:50:23.849   159.214   162.756   158.805   168.500   172.694
16:50:23.905   164.392   162.538   157.968   171.035   163.212
16:50:23.907   158.124   164.933   160.031   171.613   174.076
16:50:23.935   160.388   161.865   157.808   165.992   172.569
16:50:23.987   161.380   161.580   157.998   167.637   171.669
16:50:24.035   162.229   162.747   160.011   169.328   174.242
16:50:24.083   161.203   162.188   159.180   167.061   173.710
16:50:24.132   162.798   163.493   158.139   169.075   172.196
16:50:24.194   161.599   164.135   161.270   167.613   173.801
16:50:24.241   160.313   161.900   159.422   168.685   172.511
16:50:24.305   165.239   161.723   156.455   168.745   170.726
16:50:24.307   161.546   162.314   159.244   168.486   174.435
16:50:24.347   161.964   163.710   159.334   169.272   172.698
16:50:24.400   160.865   163.133   160.612   168.474   174.457
16:50:24.479   140.538   153.471   163.865   173.399   159.695
16:50:24.481   160.551   163.317   160.636   168.173   172.702
16:50:24.537   144.300   158.512   159.928   173.009   175.152
16:50:24.538   161.899   161.523   159.290   166.540   173.652
16:50:24.583   147.739   162.126   158.094   170.431   171.792
16:50:24.585   160.567   162.885   159.094   168.681   173.240
16:50:24.631   155.752   169.579   156.277   172.109   168.681
16:50:24.633   159.862   162.886   159.721   169.615   173.629
16:50:24.676   161.435   163.286   160.567   175.962   168.717
16:50:24.678   160.777   164.499   159.487   167.706   173.436
16:50:24.706   160.957   163.481   159.404   167.258   174.525
16:50:24.759   161.376   164.351   160.205   168.698   174.225
16:50:24.821   160.913   164.641   162.470   169.172   172.257
16:50:24.883   163.221   163.021   161.367   169.208   170.904
16:50:24.944   162.584   163.641   163.504   166.758   171.795
16:50:24.991   161.678   163.955   164.283   170.153   170.845
16:50:25.054   160.210   165.760   164.667   170.214   174.626
16:50:25.103   160.716   165.630   167.023   170.460   173.932
16:50:25.166   157.272   164.471   167.313   172.104   174.201
16:50:25.213   159.110   163.923   164.874   172.972   172.899
16:50:25.278   167.338   168.520   156.594   176.076   168.384
16:50:25.279   159.631   163.602   163.741   173.433   173.436
16:50:25.320   158.245   162.560   163.854   170.645   173.145
16:50:25.371   160.213   160.838   163.899   169.348   171.031
16:50:25.420   159.477   162.484   165.125   169.583   172.325
16:50:25.484   161.896   166.871   152.300   177.566   169.655
16:50:25.485   159.431   161.596   165.435   168.445   172.185
16:50:25.524   159.247   160.756   163.955   170.459   172.196
16:50:25.593   161.842   166.606   154.193   176.651   170.494
16:50:25.595   158.771   162.693   163.242   169.482   172.733
16:50:25.635   159.179   162.226   164.071   168.499   172.527
16:50:25.704   161.042   166.649   154.155   176.169   171.053
16:50:25.705   158.523   160.835   162.597   168.554   171.250
16:50:25.747   159.604   162.337   163.119   168.095   172.468
16:50:25.816   163.298   168.225   154.828   175.572   169.279
16:50:25.817   160.431   162.710   164.328   169.989   172.464
16:50:25.856   159.499   162.290   164.058   169.511   172.590
16:50:25.925   162.461   168.281   153.447   177.818   168.837
16:50:25.926   159.270   162.700   162.616   169.625   172.879
16:50:25.967   161.195   163.107   157.641   171.334   172.076
16:50:26.021   159.883   162.929   160.277   171.994   171.342
16:50:26.101   165.633   167.476   152.574   177.542   168.979
16:50:26.102   160.818   162.896   158.477   169.114   174.774
16:50:26.144   160.401   161.537   162.255   166.085   173.976
16:50:26.195   161.267   162.724   157.889   170.244   171.124
16:50:26.244   161.360   160.941   159.858   166.214   170.238
16:50:26.306   162.283   160.871   158.547   169.571   169.008
16:50:26.354   162.323   160.763   161.104   166.362   170.349
16:50:26.401   162.892   160.881   159.629   167.509   170.083
16:50:26.450   163.273   160.195   160.215   166.562   170.083
16:50:26.511   161.688   160.531   159.220   167.226   171.087
16:50:26.572   162.866   160.629   159.815   167.265   172.207
16:50:26.620   162.396   159.900   159.894   166.533   172.585
16:50:26.667   162.836   160.378   160.078   166.032   171.511
16:50:26.729   162.048   160.295   161.218   166.656   172.406
16:50:26.777   161.782   160.239   160.354   164.977   171.877
16:50:26.825   161.540   160.675   159.801   167.307   172.797
16:50:26.887   162.091   161.498   161.388   167.355   172.125
16:50:26.935   161.856   161.834   161.389   166.209   171.968
16:50:26.984   161.962   161.340   160.697   166.404   172.478
16:50:27.044   160.858   160.542   161.452   167.244   171.901
16:50:27.091   159.942   160.653   160.689   165.558   172.973
16:50:27.141   160.693   161.912   160.538   167.766   172.874
16:50:27.188   159.204   162.573   161.613   167.908   174.334
16:50:27.236   160.139   162.593   160.770   168.197   173.483
16:50:27.284   158.770   163.453   162.109   168.002   173.981
16:50:27.333   159.574   161.957   159.323   167.375   173.758
16:50:27.394   159.867   161.868   160.644   167.587   173.055
16:50:27.443   159.359   162.954   160.147   168.569   173.633
16:50:27.504   160.687   162.262   161.414   168.019   173.057
16:50:27.555   159.597   162.425   161.885   166.622   173.810
16:50:27.616   160.040   161.912   160.149   168.483   173.235
16:50:27.665   159.585   162.970   160.319   168.481   173.708
16:50:27.727   161.118   163.166   160.924   168.129   174.510
16:50:27.774   159.791   162.421   160.986   168.263   173.600
16:50:27.821   159.941   162.354   160.616   167.447   173.394
16:50:27.885   160.739   162.697   159.940   168.381   174.004
16:50:27.947   160.612   162.073   160.554   168.186   173.596
16:50:27.994   159.326   162.799   160.903   168.568   173.807
16:50:28.071   163.940   161.551   159.879   170.231   176.046
16:50:28.073   160.164   161.555   160.713   167.505   173.688
16:50:28.116   160.326   162.484   160.632   168.473   172.749
16:50:28.171   160.108   163.818   160.483   168.305   172.408
16:50:28.232   161.585   162.170   160.883   167.088   173.638
16:50:28.279   161.197   163.127   161.166   169.320   174.092
16:50:28.327   160.791   162.979   160.632   168.405   173.524
16:50:28.374   161.660   162.977   160.894   168.336   174.111
16:50:28.422   162.722   162.083   159.733   167.800   173.487
16:50:28.483   161.583   161.980   162.522   167.162   172.074
16:50:28.548   158.408   162.874   151.000   175.151   170.634
16:50:28.549   162.395   162.822   160.463   168.155   173.556
16:50:28.590   162.472   162.044   161.282   167.367   172.392
16:50:28.659   155.694   166.329   149.787   175.655   175.876
16:50:28.661   160.336   162.885   160.675   167.885   173.777
16:50:28.701   161.703   162.825   161.685   167.844   173.483
16:50:28.770   156.681   164.492   154.343   173.644   165.706
16:50:28.772   160.522   162.631   160.289   167.893   172.953
16:50:28.812   159.902   162.703   160.590   167.989   172.876
16:50:28.880   154.651   165.263   148.678   174.564   172.219
16:50:28.881   160.182   161.941   162.306   167.292   172.754
16:50:28.921   159.536   162.241   160.153   168.197   173.500
16:50:28.991   156.620   167.240   149.756   173.181   171.901
16:50:28.992   159.706   162.535   162.070   167.640   174.033
16:50:29.034   160.725   163.016   160.886   168.398   173.462
16:50:29.102   158.250   163.768   151.834   174.481   173.544
16:50:29.104   159.261   164.396   161.539   168.232   172.856
16:50:29.143   160.063   161.759   161.036   166.843   172.589
16:50:29.214   158.495   165.577   151.915   174.183   169.039
16:50:29.215   159.859   162.713   161.720   168.331   172.794
16:50:29.254   159.493   163.048   161.363   166.946   174.467
16:50:29.324   160.848   166.738   151.779   174.227   170.831
16:50:29.325   160.523   162.616   162.393   167.889   173.018
16:50:29.364   159.770   164.986   162.899   168.243   172.715
16:50:29.434   162.069   165.676   152.664   174.989   173.547
16:50:29.436   160.700   163.873   160.863   168.144   174.396
16:50:29.475   160.486   164.790   162.038   169.785   174.967
16:50:29.547   161.254   164.030   148.722   178.800   176.491
16:50:29.548   158.906   165.470   159.691   169.195   176.829
16:50:29.585   161.379   164.621   162.464   169.361   173.097
16:50:29.636   159.869   166.119   160.346   169.160   175.700
16:50:29.685   160.320   165.150   161.730   170.939   174.048
16:50:29.734   158.801   165.667   161.766   168.846   174.613
16:50:29.813   156.112   168.149   160.408   173.010   178.202
16:50:29.815   159.574   165.848   161.313   173.647   173.354
16:50:29.853   160.103   165.905   162.230   170.898   174.314
16:50:29.922   156.489   169.136   158.233   176.099   175.216
16:50:29.924   158.401   166.396   162.759   171.157   174.328
16:50:29.964   160.640   166.465   162.707   174.426   173.719
16:50:30.033   161.576   167.405   159.588   179.620   171.223
16:50:30.035   156.650   166.101   164.465   172.892   174.906
16:50:30.074   158.089   166.606   164.899   172.356   175.452
16:50:30.144   159.568   162.843   150.414   174.797   175.310
16:50:30.145   157.311   166.133   165.250   172.537   175.383
16:50:30.186   159.192   166.057   163.148   172.449   176.043
16:50:30.255   162.626   163.507   152.936   171.620   173.631
16:50:30.256   157.525   168.718   165.512   174.691   175.863
16:50:30.296   160.303   167.570   161.794   176.060   177.120
16:50:30.366   156.796   169.456   156.026   178.138   167.466
16:50:30.368   158.905   168.278   165.686   175.551   175.820
16:50:30.406   159.485   167.523   164.624   172.209   176.234
16:50:30.475   160.102   163.843   161.378   176.296   177.030
16:50:30.476   159.236   168.462   164.510   174.879   177.770
16:50:30.516   160.831   169.623   165.864   174.016   177.258
16:50:30.584   156.473   168.212   155.778   176.665   169.765
16:50:30.586   158.654   168.403   164.970   174.424   176.624
16:50:30.627   159.959   168.235   164.107   173.720   178.338
16:50:30.698   152.278   171.272   153.285   179.686   171.274
16:50:30.699   160.595   168.629   164.003   175.026   178.269
16:50:30.738   159.537   168.320   164.478   174.189   176.542
16:50:30.806   158.705   168.229   155.419   175.132   170.567
16:50:30.808   159.460   168.862   164.858   176.282   175.900
16:50:30.848   158.730   169.196   166.605   175.609   174.715
16:50:30.900   159.558   168.026   165.854   174.934   174.511
16:50:30.965   158.289   161.028   154.110   172.487   169.168
16:50:30.967   160.443   168.122   164.602   173.667   176.655
16:50:31.006   159.299   167.519   165.511   174.219   178.637
16:50:31.076   159.424   162.050   160.263   174.971   169.141
16:50:31.078   158.054   169.158   165.428   177.624   175.032
16:50:31.116   160.062   167.796   165.634   174.338   175.413
16:50:31.188   163.241   163.737   164.470   174.106   170.031
16:50:31.190   160.046   169.091   165.877   175.906   177.582
16:50:31.227   159.407   167.609   165.935   174.616   175.490
16:50:31.281   159.948   169.279   165.359   174.757   176.827
16:50:31.359   155.962   163.323   157.815   169.991   167.516
16:50:31.360   159.607   167.274   166.873   175.708   174.656
16:50:31.400   159.959   168.437   166.110   175.992   176.414
16:50:31.469   156.999   163.394   159.557   170.710   168.295
16:50:31.470   160.349   168.315   165.718   176.085   176.597
16:50:31.510   158.738   167.616   165.461   176.860   174.741
16:50:31.580   159.895   163.472   157.258   170.000   166.997
16:50:31.582   159.883   167.797   165.948   174.632   175.229
16:50:31.622   160.650   168.243   165.731   176.161   176.203
16:50:31.673   160.390   168.837   165.271   175.411   177.547
16:50:31.737   157.630   168.607   164.535   176.490   174.175
16:50:31.739   159.955   167.571   166.013   175.551   175.616
16:50:31.779   159.824   167.185   164.946   176.199   175.017
16:50:31.846   160.486   167.273   162.674   176.512   170.652
16:50:31.847   158.782   167.806   166.181   175.900   175.099
16:50:31.874   161.059   168.782   164.517   176.607   176.290
16:50:31.943   162.957   166.360   160.070   169.613   174.461
16:50:31.945   160.348   168.366   167.051   173.205   175.778
16:50:31.984   159.787   167.617   164.292   175.580   174.825
16:50:32.054   161.104   163.197   159.307   172.883   170.543
16:50:32.056   158.699   167.379   165.688   175.028   175.537
16:50:32.095   159.858   167.394   165.069   175.396   174.483
16:50:32.165   157.852   166.357   163.062   176.755   175.706
16:50:32.167   160.478   168.242   164.035   175.676   176.119
16:50:32.206   159.286   169.141   164.977   174.517   175.148
16:50:32.274   163.598   162.405   158.629   178.754   173.670
16:50:32.275   158.905   167.389   164.855   174.608   172.398
16:50:32.315   159.856   166.942   165.221   174.428   176.308
16:50:32.384   173.804   160.935   158.683   173.144   167.753
16:50:32.385   159.464   168.578   166.381   173.841   176.418
16:50:32.426   161.507   165.942   164.863   172.863   173.524
16:50:32.497   166.803   165.304   148.465   175.382   171.080
16:50:32.498   161.281   169.412   164.151   174.437   174.710
16:50:32.538   161.999   164.185   166.454   170.158   174.607
16:50:32.605   164.819   166.302   151.079   174.698   170.370
16:50:32.607   161.268   165.018   163.877   170.032   172.769
16:50:32.649   160.286   165.549   161.319   175.491   175.105
16:50:32.717   163.915   165.177   154.799   171.293   169.582
16:50:32.719   159.755   165.593   163.237   171.500   174.610
16:50:32.759   162.105   165.717   161.764   174.759   176.349
16:50:32.812   162.994   167.266   166.149   171.740   176.029
16:50:32.873   161.846   163.675   163.579   170.651   170.508
16:50:32.923   165.673   156.036   159.609   173.420   171.342
16:50:32.985   169.064   154.723   160.845   171.776   170.527
16:50:33.034   167.064   156.386   160.665   166.601   167.485
16:50:33.096   167.898   150.230   162.030   160.918   163.096
16:50:33.145   164.460   151.521   160.727   160.233   163.165
16:50:33.207   162.605   147.934   159.846   157.504   165.331
16:50:33.256   160.607   147.475   156.814   158.048   166.101
16:50:33.304   162.442   150.932   157.861   158.485   162.997
16:50:33.367   163.419   148.804   158.936   158.534   166.246
16:50:33.414   163.265   148.753   159.850   161.121   165.593
16:50:33.462   165.023   150.101   159.694   162.002   164.249
16:50:33.525   169.160   152.303   159.783   163.394   165.543
16:50:33.574   166.411   154.328   161.631   165.948   166.548
16:50:33.635   164.631   153.150   162.636   165.935   167.511
16:50:33.684   165.829   154.551   162.083   167.453   167.281
16:50:33.746   163.387   156.388   161.136   167.378   170.280
16:50:33.805   163.274   156.821   162.589   165.807   168.946
16:50:33.854   163.913   157.906   164.413   166.769   169.504
16:50:33.903   162.971   155.798   164.477   168.552   171.450
16:50:33.951   163.435   155.971   164.827   166.850   170.165
16:50:34.010   165.969   159.025   162.555   170.560   173.976
16:50:34.058   165.132   159.177   161.437   169.538   173.477
16:50:34.137   166.931   166.736   156.098   166.952   170.916
16:50:34.138   163.978   160.055   162.147   169.923   172.870
16:50:34.177   162.493   159.623   165.647   169.306   173.993
16:50:34.246   166.196   175.531   162.681   171.983   174.446
16:50:34.248   163.703   161.503   165.133   169.135   176.507
16:50:34.287   161.519   162.799   162.785   169.813   177.957
16:50:34.356   168.346   173.544   162.708   172.907   175.793
16:50:34.358   162.156   166.584   163.021   169.902   176.679
16:50:34.399   161.314   161.290   163.460   167.342   174.417
16:50:34.469   164.705   169.784   160.949   172.314   176.266
16:50:34.471   161.401   161.440   163.616   169.422   175.555
16:50:34.508   161.388   162.356   165.207   170.803   178.180
16:50:34.576   163.768   172.367   159.082   175.450   176.001
16:50:34.578   159.716   165.217   164.228   173.532   176.735
16:50:34.618   158.812   166.755   160.009   174.237   176.188
16:50:34.688   161.244   170.485   157.295   174.352   175.723
16:50:34.688   162.738   164.182   163.878   174.754   176.533
16:50:34.729   159.259   162.536   166.267   172.452   174.963
16:50:34.798   169.472   167.255   157.683   168.938   172.751
16:50:34.800   162.793   165.850   165.129   173.501   175.288
16:50:34.841   162.744   162.548   166.055   167.474   171.888
16:50:34.909   162.753   165.704   154.177   170.417   166.556
16:50:34.911   160.764   161.638   163.321   168.988   172.269
16:50:34.952   160.515   161.382   164.986   167.177   173.945
16:50:35.021   159.760   167.611   154.219   176.366   172.462
16:50:35.023   161.044   162.437   162.044   171.068   174.096
16:50:35.063   160.823   161.568   169.232   169.173   175.560
16:50:35.115   161.819   157.489   166.842   168.538   174.238
16:50:35.177   164.593   158.815   166.247   168.814   175.905
16:50:35.226   162.726   157.303   164.828   163.742   171.572
16:50:35.275   164.603   161.009   163.400   167.098   175.355
16:50:35.337   164.626   160.409   164.404   166.961   173.443
16:50:35.384   165.848   160.978   161.984   167.859   174.428
16:50:35.432   167.121   160.128   158.690   167.207   172.750
16:50:35.481   166.699   161.356   160.988   169.462   174.691
16:50:35.530   163.697   166.461   158.328   169.319   172.881
16:50:35.592   160.929   165.784   157.075   169.047   173.363
16:50:35.640   161.613   161.643   160.614   165.999   175.261
16:50:35.704   160.787   160.015   162.012   165.591   173.398
16:50:35.765   163.379   163.314   165.918   166.646   172.392
16:50:35.826   162.504   163.867   163.824   165.181   173.796
16:50:35.874   162.155   163.185   165.017   167.500   174.508
16:50:35.922   160.257   165.706   160.940   171.602   175.505
16:50:35.969   164.070   166.316   158.141   171.033   172.328
16:50:36.035   165.261   158.549   153.329   163.756   161.322
16:50:36.036   160.379   169.682   160.854   176.129   174.627
16:50:36.078   161.179   162.539   159.522   171.572   175.398
16:50:36.148   168.506   171.677   161.861   176.082   172.887
16:50:36.149   161.698   167.092   163.624   170.550   171.239
16:50:36.187   160.971   166.990   163.186   172.379   173.407
16:50:36.257   160.571   173.368   158.699   175.883   176.630
16:50:36.258   161.420   165.632   164.006   174.049   172.171
16:50:36.299   166.895   165.559   162.670   175.206   172.166
16:50:36.368   164.038   169.911   162.947   171.726   169.618
16:50:36.370   162.629   164.796   163.270   172.945   169.820
16:50:36.410   161.615   165.297   168.718   172.887   171.548
16:50:36.477   165.229   169.850   160.900   177.595   174.960
16:50:36.479   162.917   164.692   163.434   174.563   171.971
16:50:36.519   161.958   168.646   162.516   174.668   170.030
16:50:36.588   167.265   173.851   161.642   175.369   174.856
16:50:36.589   161.744   167.008   163.223   174.878   170.742
16:50:36.631   160.339   170.330   162.616   173.747   171.875
16:50:36.700   161.479   169.708   162.260   175.581   170.736
16:50:36.702   160.765   170.375   164.041   174.125   174.214
16:50:36.741   158.219   166.938   164.297   172.804   173.845
16:50:36.810   164.467   166.609   164.759   178.810   177.782
16:50:36.812   159.425   167.397   162.438   173.270   173.995
16:50:36.853   157.886   168.792   164.146   173.666   175.771
16:50:36.921   165.733   168.357   161.178   172.905   171.911
16:50:36.923   159.280   168.091   162.794   173.810   174.698
16:50:36.963   158.640   167.867   163.690   174.610   176.266
16:50:37.035   165.671   168.314   163.864   174.990   175.239
16:50:37.036   157.650   167.740   163.270   172.904   177.960
16:50:37.074   158.462   167.702   166.356   172.219   174.957
16:50:37.142   164.489   168.305   163.734   175.573   172.962
16:50:37.143   159.411   168.845   162.081   173.221   175.820
16:50:37.183   158.988   168.273   164.311   174.229   175.411
16:50:37.252   166.359   169.330   163.858   177.655   173.240
16:50:37.253   158.245   169.290   162.387   174.480   175.579
16:50:37.294   158.926   168.748   162.093   172.640   177.137
16:50:37.361   168.387   169.204   163.446   175.975   174.994
16:50:37.363   158.337   168.636   163.887   172.516   175.671
16:50:37.404   159.104   168.136   162.598   172.694   176.911
16:50:37.473   166.232   168.343   164.658   175.772   175.098
16:50:37.475   158.696   167.699   164.240   173.927   176.407
16:50:37.514   159.156   167.626   164.372   170.925   174.940
16:50:37.588   170.138   169.338   162.033   173.922   176.678
16:50:37.589   159.223   168.085   163.697   172.899   175.664
16:50:37.626   159.267   168.845   163.771   171.999   176.639
16:50:37.694   168.787   168.716   161.466   177.258   173.923
16:50:37.696   159.222   168.283   163.541   171.794   174.448
16:50:37.736   159.045   167.975   163.476   171.983   175.538
16:50:37.805   164.666   169.332   157.519   177.199   171.338
16:50:37.807   159.459   167.380   163.906   172.423   174.972
16:50:37.846   158.299   169.241   160.544   172.511   175.051
16:50:37.915   162.459   171.023   162.788   176.819   173.243
16:50:37.916   159.259   167.778   162.792   171.359   175.547
16:50:37.957   159.277   166.376   163.909   171.596   173.646
16:50:38.026   159.410   168.698   166.164   173.750   176.982
16:50:38.028   159.433   168.362   162.785   172.249   174.290
16:50:38.069   160.208   165.848   163.864   169.533   174.981
16:50:38.140   166.718   165.880   164.193   172.679   178.272
16:50:38.142   157.827   168.262   164.289   173.100   176.236
16:50:38.178   160.774   168.635   161.753   173.575   176.702
16:50:38.247   168.818   170.080   166.160   174.562   177.211
16:50:38.249   159.574   169.413   161.331   172.855   174.261
16:50:38.290   159.563   169.309   162.613   173.665   177.121
16:50:38.359   162.634   170.961   166.153   173.665   176.447
16:50:38.361   158.653   167.400   163.241   172.999   175.139
16:50:38.401   158.555   167.113   163.391   172.426   175.483
16:50:38.470   166.236   170.164   166.087   172.891   178.239
16:50:38.472   158.755   168.242   163.279   173.504   175.583
16:50:38.510   160.308   168.631   161.987   173.584   176.068
16:50:38.579   164.936   170.689   163.407   172.826   175.371
16:50:38.581   159.886   169.072   163.968   173.472   176.797
16:50:38.621   157.530   167.345   164.431   172.580   175.452
16:50:38.689   166.432   167.475   165.682   175.890   176.880
16:50:38.690   157.755   166.391   162.382   171.747   174.825
16:50:38.731   159.013   167.393   162.740   172.142   175.007
16:50:38.782   158.121   168.410   164.692   172.566   176.420
16:50:38.847   167.367   170.089   165.972   173.812   178.360
16:50:38.849   159.144   169.274   164.350   173.396   175.881
16:50:38.888   160.730   168.601   162.403   172.587   176.095
16:50:38.957   162.391   165.420   163.990   172.924   178.201
16:50:38.958   160.038   168.344   162.860   173.288   174.881
16:50:38.999   159.494   168.474   164.626   174.065   177.222
16:50:39.070   165.427   169.998   163.444   173.007   178.191
16:50:39.071   159.565   170.193   163.265   172.579   173.746
16:50:39.111   159.719   170.769   163.510   173.798   175.225
16:50:39.180   168.623   168.179   163.738   173.013   177.868
16:50:39.182   159.788   169.692   164.240   173.367   175.757
16:50:39.222   159.611   168.757   163.632   172.664   176.967
16:50:39.289   165.028   170.316   164.276   174.146   173.552
16:50:39.291   159.072   168.097   163.095   173.167   174.699
16:50:39.331   160.560   169.312   163.121   172.932   173.882
16:50:39.400   165.173   169.335   165.096   175.677   174.660
16:50:39.402   161.885   169.536   163.212   170.926   175.422
16:50:39.442   160.430   169.031   164.225   171.995   177.150
16:50:39.511   167.772   169.077   165.711   176.286   173.606
16:50:39.512   159.116   169.091   162.884   173.591   175.055
16:50:39.553   159.800   168.799   164.954   173.721   175.978
16:50:39.621   162.807   169.949   162.136   170.911   171.582
16:50:39.622   160.237   169.767   163.479   173.373   176.881
16:50:39.660   161.107   169.392   164.889   175.858   176.328
16:50:39.727   169.215   168.188   166.382   174.933   175.888
16:50:39.729   160.997   169.856   163.284   174.359   175.545
16:50:39.769   161.431   169.840   163.312   173.264   175.351
16:50:39.838   159.124   168.307   162.667   172.247   171.264
16:50:39.840   161.053   170.358   164.217   172.546   174.551
16:50:39.882   159.919   170.597   164.239   174.742   177.038
16:50:39.950   157.398   169.966   163.155   172.066   170.285
16:50:39.951   161.340   169.060   164.691   175.609   175.923
16:50:39.994   160.367   169.386   163.953   172.814   174.944
16:50:40.063   164.753   170.122   166.862   173.368   178.403
16:50:40.064   162.155   170.639   162.623   174.041   175.545
16:50:40.103   161.474   169.375   164.419   172.995   174.828
16:50:40.173   163.995   169.836   166.034   173.275   174.947
16:50:40.175   160.834   169.245   164.042   174.231   174.702
16:50:40.213   161.223   170.235   164.828   173.132   173.800
16:50:40.284   163.874   167.491   169.065   174.252   176.730
16:50:40.286   160.484   169.323   165.175   173.113   173.973
16:50:40.322   162.297   169.328   166.853   173.182   173.710
16:50:40.391   164.002   171.061   168.014   173.600   176.383
16:50:40.393   163.028   171.344   164.180   174.817   174.015
16:50:40.433   162.969   171.332   165.370   175.209   173.673
16:50:40.502   165.822   165.317   165.051   176.127   172.990
16:50:40.503   162.354   170.906   164.505   175.829   174.042
16:50:40.543   161.820   170.677   164.084   175.179   175.608
16:50:40.611   159.324   167.732   163.697   178.377   176.971
16:50:40.612   161.159   169.952   166.422   173.993   175.240
16:50:40.653   161.701   170.232   165.583   175.073   174.191
16:50:40.720   164.285   168.329   160.843   178.626   171.265
16:50:40.722   161.906   168.794   164.381   174.638   174.802
16:50:40.762   161.367   169.254   166.821   175.670   175.712
16:50:40.830   163.589   168.926   162.477   177.982   171.958
16:50:40.832   162.433   170.226   165.395   173.950   174.899
16:50:40.869   162.684   170.168   163.547   173.319   175.180
16:50:40.938   163.897   166.085   165.931   176.087   173.188
16:50:40.939   161.590   170.080   166.293   173.340   175.388
16:50:40.980   162.619   170.137   164.997   173.755   174.628
16:50:41.051   164.428   166.964   162.758   178.074   169.232
16:50:41.053   162.259   169.682   164.270   172.230   175.274
16:50:41.088   161.912   167.900   164.690   173.366   174.087
16:50:41.157   165.213   167.487   157.569   177.457   170.552
16:50:41.158   161.904   170.084   163.637   173.485   174.356
16:50:41.200   161.924   170.450   164.033   172.806   174.963
16:50:41.267   165.828   163.326   161.702   167.692   170.622
16:50:41.269   162.356   169.224   165.351   173.241   174.945
16:50:41.310   162.545   168.562   163.250   173.128   172.972
16:50:41.377   160.626   165.296   157.132   173.676   172.416
16:50:41.378   161.064   169.360   164.880   174.405   175.327
16:50:41.420   159.481   168.086   164.105   172.124   174.625
16:50:41.491   160.057   168.015   158.353   176.748   172.241
16:50:41.493   163.366   168.081   164.154   172.367   173.590
16:50:41.533   161.615   168.897   167.696   172.776   173.422
16:50:41.601   176.730   166.875   165.687   177.332   176.542
16:50:41.603   160.968   169.176   165.227   174.418   176.101
16:50:41.642   162.211   167.068   166.478   173.806   174.996
16:50:41.710   166.121   168.293   164.395   177.423   174.869
16:50:41.711   161.731   170.730   164.153   173.271   174.829
16:50:41.752   159.800   168.686   162.806   173.816   176.339
16:50:41.821   163.974   172.410   162.990   178.809   169.838
16:50:41.822   163.040   170.299   164.430   173.660   173.889
16:50:41.864   163.983   170.355   163.684   171.770   172.089
16:50:41.932   163.888   164.730   161.645   177.224   166.001
16:50:41.934   161.400   168.101   164.489   172.879   176.207
16:50:41.974   159.643   161.367   163.718   169.407   173.480
16:50:42.042   165.304   156.372   154.744   164.055   163.467
16:50:42.043   161.719   165.537   164.031   170.886   172.229
16:50:42.085   161.121   165.158   163.096   168.316   175.283
16:50:42.155   161.144   161.560   161.197   163.794   166.190
16:50:42.157   162.331   165.057   163.223   170.107   173.047
16:50:42.197   162.118   164.859   161.894   169.802   172.816
16:50:42.266   167.322   165.633   157.314   173.008   165.072
16:50:42.268   158.537   162.135   163.740   169.462   173.401
16:50:42.308   158.333   158.667   166.593   163.444   170.678
16:50:42.359   161.230   159.507   165.717   165.338   171.980
16:50:42.408   159.231   157.879   166.385   164.978   172.080
16:50:42.469   159.793   160.218   163.179   168.378   173.444
16:50:42.519   159.318   161.193   164.301   169.207   174.001
16:50:42.582   160.383   160.597   162.554   168.019   173.514
16:50:42.644   159.442   156.625   165.425   164.632   170.795
16:50:42.705   157.462   154.593   163.866   161.870   170.945
16:50:42.754   159.532   157.878   165.169   162.953   172.211
16:50:42.815   159.770   156.625   162.902   165.847   170.705
16:50:42.864   161.215   161.289   163.980   168.061   173.967
16:50:42.925   161.357   157.172   163.535   164.136   168.978
16:50:42.972   161.462   159.749   163.630   165.940   172.369
16:50:43.022   160.856   157.921   166.154   165.861   171.918
16:50:43.084   161.152   159.820   164.476   167.256   171.630
16:50:43.133   159.687   156.656   164.021   164.925   170.482
16:50:43.194   159.412   157.453   165.084   166.083   171.382
16:50:43.242   160.181   159.030   164.577   167.105   172.671
16:50:43.290   161.660   159.441   162.788   167.756   171.272
16:50:43.338   160.660   158.214   163.421   166.675   171.284
16:50:43.388   161.353   158.085   163.313   165.447   170.812
16:50:43.448   161.475   157.430   165.211   164.789   169.781
16:50:43.498   159.207   157.915   163.950   165.612   172.353
16:50:43.560   160.854   159.841   163.235   168.217   172.166
16:50:43.621   160.125   158.145   164.216   165.988   170.721
16:50:43.669   161.215   158.500   166.090   164.496   170.757
16:50:43.717   159.036   158.480   166.940   166.549   171.729
16:50:43.766   159.982   158.688   164.595   166.962   172.299
16:50:43.827   160.709   157.976   162.630   166.510   171.475
16:50:43.888   161.748   158.636   163.699   166.385   171.729
16:50:43.936   160.561   158.234   164.508   165.346   171.939
16:50:43.985   161.619   160.415   167.671   166.843   171.329
16:50:44.034   160.622   161.566   167.026   168.574   173.215
16:50:44.097   163.359   161.552   167.152   167.487   171.284
16:50:44.145   163.800   162.324   166.948   169.064   170.817
16:50:44.205   162.487   162.098   165.621   169.058   173.395
16:50:44.253   162.358   159.727   166.229   167.490   169.957
16:50:44.302   162.040   160.113   165.377   168.877   171.991
16:50:44.362   162.761   161.234   167.018   168.929   171.268
16:50:44.425   162.623   158.969   165.043   166.123   170.045
16:50:44.474   162.707   160.715   164.306   167.541   171.370
16:50:44.519   162.874   160.645   165.664   166.873   171.791
16:50:44.568   163.183   160.092   164.757   168.246   170.478
16:50:44.617   161.959   157.477   163.798   165.101   170.122
16:50:44.677   162.136   158.835   164.158   166.436   169.880
16:50:44.726   160.981   157.568   165.453   164.745   170.533
16:50:44.788   160.992   156.137   162.999   165.672   172.885
16:50:44.837   162.382   158.760   163.231   167.158   173.251
16:50:44.898   160.632   157.620   165.777   167.501   172.076
16:50:44.946   161.902   155.979   163.803   164.750   172.987
16:50:44.993   161.236   155.537   163.071   165.311   171.590
16:50:45.042   161.493   156.398   164.999   164.525   173.286
16:50:45.104   161.324   157.122   165.103   165.936   171.761
16:50:45.153   160.820   156.303   163.967   165.501   170.837
16:50:45.216   160.962   160.500   165.595   167.874   172.922
16:50:45.276   160.260   160.724   163.646   167.930   171.821
16:50:45.339   161.450   157.721   162.555   165.823   170.788
16:50:45.388   160.658   156.667   164.684   165.099   170.396
16:50:45.451   161.200   159.554   164.969   167.136   172.942
16:50:45.512   162.154   157.138   164.820   164.366   170.485
16:50:45.561   162.614   156.181   163.420   164.981   169.707
16:50:45.623   162.212   157.563   165.599   165.604   168.720
16:50:45.672   161.009   156.498   164.247   165.262   170.358
16:50:45.736   161.205   156.033   165.412   164.730   169.499
16:50:45.799   161.125   156.851   165.557   166.010   171.067
16:50:45.861   162.118   157.395   162.666   164.835   170.634
16:50:45.926   151.436   110.834   172.808   108.184   129.184
16:50:45.928   161.327   157.323   165.699   166.177   169.550
16:50:45.985   138.984   120.439   162.952   114.476   144.296
16:50:45.986   159.994   156.134   167.765   165.258   169.232
16:50:46.032   138.248   116.407   160.406   125.298   147.868
16:50:46.033   160.831   158.144   166.288   166.785   171.020
16:50:46.079   141.592   122.503   165.155   125.205   153.092
16:50:46.081   161.620   157.335   166.067   165.173   169.075
16:50:46.126   137.913   120.172   164.612   124.855   154.334
16:50:46.128   159.981   160.569   165.721   167.244   171.178
16:50:46.174   136.571   123.330   168.437   126.394   149.804
16:50:46.176   162.190   156.354   164.842   165.570   168.346
16:50:46.221   143.847   127.940   172.286   132.199   138.384
16:50:46.222   159.207   159.236   166.860   166.345   172.350
16:50:46.270   137.620   142.822   167.522   148.502   133.517
16:50:46.272   161.110   156.751   162.730   164.065   169.113
16:50:46.317   133.875   142.677   166.748   139.343   126.362
16:50:46.318   160.681   159.594   165.510   166.503   171.246
16:50:46.366   139.406   137.108   170.445   134.930   127.226
16:50:46.368   160.892   156.617   165.287   165.089   169.149
16:50:46.411   142.784   141.085   160.388   143.938   133.583
16:50:46.413   160.311   157.065   166.720   165.413   169.667
16:50:46.460   149.532   139.905   165.198   147.684   147.731
16:50:46.461   160.099   158.263   167.629   166.150   170.430
16:50:46.506   142.972   126.958   171.356   134.411   136.693
16:50:46.507   161.167   158.623   165.262   167.217   171.604
16:50:46.554   138.617   122.372   168.130   131.167   142.521
16:50:46.555   159.928   159.603   167.299   167.439   171.915
16:50:46.602   140.252   118.468   167.014   117.578   145.983
16:50:46.603   160.243   160.156   166.123   169.206   173.030
16:50:46.652   140.290   116.087   163.153   112.680   146.771
16:50:46.653   160.858   158.258   166.792   168.566   171.744
16:50:46.698   146.433   117.996   163.602   123.933   149.186
16:50:46.699   160.108   159.506   165.819   168.531   172.478
16:50:46.746   146.486   121.146   162.937   117.887   151.643
16:50:46.748   161.158   158.832   166.995   167.508   172.251
16:50:46.793   145.755   111.763   158.786   118.864   138.014
16:50:46.795   159.823   158.360   166.538   167.356   170.791
16:50:46.840   146.909   110.616   162.769   115.789   140.153
16:50:46.841   161.446   157.951   166.432   166.509   172.391
16:50:46.887   141.264   106.045   153.672   122.748   143.295
16:50:46.889   159.793   159.296   165.463   167.619   172.292
16:50:46.936   134.566    75.161   165.254    95.726    91.946
16:50:46.937   161.311   157.966   164.517   166.453   172.605
16:50:46.985   161.865   159.568   164.585   168.995   172.018
16:50:47.036   161.968   158.944   165.825   168.085   171.706
16:50:47.098   162.300   159.217   164.923   167.742   172.817
16:50:47.146   159.911   159.166   166.368   168.179   172.182
16:50:47.208   161.625   159.519   165.973   168.869   172.009
16:50:47.255   161.201   159.443   165.946   167.434   172.695
16:50:47.317   162.648   158.457   165.054   167.843   171.832
16:50:47.366   160.140   158.811   165.140   167.548   172.976
16:50:47.414   163.221   158.293   164.898   168.901   169.720
16:50:47.478   159.840   158.995   166.455   168.451   173.085
16:50:47.539   161.107   158.825   164.326   167.230   171.799
16:50:47.587   162.326   160.683   165.439   170.175   171.047
16:50:47.650   161.197   160.175   165.237   168.184   173.498
16:50:47.698   162.408   158.456   164.906   167.896   170.524
16:50:47.747   162.076   158.378   163.575   167.520   170.652
16:50:47.811   162.572   158.446   165.160   167.188   170.285
16:50:47.872   161.085   158.583   163.703   167.901   171.911
16:50:47.920   161.724   160.139   163.784   168.756   171.772
16:50:47.970   161.138   158.114   163.328   166.959   171.770
16:50:48.030   161.775   159.742   164.439   167.710   170.869
16:50:48.078   161.619   159.874   164.523   168.578   171.210
16:50:48.141   160.530   159.262   163.793   167.336   172.134
16:50:48.204   162.138   159.094   163.786   167.249   171.435
16:50:48.266   161.315   159.903   164.242   167.657   171.902
16:50:48.327   162.260   158.765   164.754   167.856   170.545
16:50:48.376   160.618   160.127   165.518   168.204   172.387
16:50:48.423   161.867   159.104   165.280   168.186   171.366
16:50:48.488   139.026   132.200   167.279   135.553   140.630
16:50:48.490   160.031   159.204   166.181   168.234   170.835
16:50:48.546   159.878   157.940   165.026   167.484   171.518
16:50:48.596   160.964   159.794   165.920   168.588   172.609
16:50:48.658   160.835   159.496   166.528   168.828   171.695
16:50:48.708   161.385   157.949   165.871   165.478   169.528
16:50:48.770   160.861   158.312   165.936   166.461   171.921
16:50:48.830   160.899   158.943   165.972   167.220   172.147
16:50:48.879   161.284   159.438   166.209   167.433   171.198
16:50:48.927   161.923   158.044   165.087   166.894   170.995
16:50:48.988   160.090   159.896   165.862   167.357   172.603
16:50:49.055   134.264   122.616   165.659   128.093   137.577
16:50:49.057   161.666   158.264   164.191   167.114   170.447
16:50:49.110   122.496   135.206   160.235   136.053   154.181
16:50:49.111   161.150   158.575   163.633   167.417   170.096
16:50:49.158   118.912   147.098   172.887   147.968   162.944
16:50:49.159   161.638   155.576   163.686   164.439   168.643
16:50:49.204   142.538   160.044   173.838   164.197   169.502
16:50:49.206   160.577   158.215   166.095   167.498   169.903
16:50:49.252   160.570   159.721   165.605   168.012   170.702
16:50:49.304   161.081   156.115   164.534   166.063   168.386
16:50:49.353   160.054   158.471   166.128   166.879   170.104
16:50:49.415   161.149   158.352   165.123   167.469   170.619
16:50:49.463   161.069   158.002   164.236   167.128   169.109
16:50:49.512   162.306   158.003   164.014   166.191   169.330
16:50:49.573   161.391   158.989   165.559   167.531   170.954
16:50:49.620   161.180   158.544   165.142   167.936   171.673
16:50:49.669   161.690   159.295   165.786   167.831   171.405
16:50:49.730   160.194   159.292   165.218   168.493   170.703
16:50:49.779   161.643   159.335   164.312   168.724   171.403
16:50:49.829   161.048   158.786   165.731   167.622   170.766
16:50:49.892   160.662   158.603   164.847   166.846   171.200
16:50:49.941   160.653   159.982   165.418   168.681   171.299
16:50:50.003   161.771   157.972   163.350   167.845   170.241
16:50:50.051   159.648   159.337   166.634   168.034   171.506
16:50:50.112   162.803   158.992   164.829   167.684   171.671
16:50:50.162   159.965   158.474   166.860   167.364   170.313
16:50:50.224   162.398   158.223   163.655   166.795   169.742
16:50:50.273   160.631   158.743   164.424   167.700   171.348
16:50:50.333   160.083   159.026   165.542   167.970   171.277
16:50:50.383   161.218   158.406   163.753   166.689   171.035
16:50:50.445   160.842   159.828   165.209   167.726   171.573
16:50:50.507   161.520   159.817   165.003   166.444   171.810
16:50:50.554   161.706   158.799   164.275   166.238   170.960
16:50:50.615   160.431   158.725   164.256   165.610   172.294
16:50:50.663   160.928   158.071   162.270   166.678   171.491
16:50:50.712   160.423   158.338   163.752   166.747   170.823
16:50:50.774   160.663   157.882   163.516   166.434   170.707
16:50:50.823   161.108   157.638   163.162   166.321   171.000
16:50:50.886   161.420   158.036   164.178   167.590   171.793
16:50:50.946   162.072   158.900   163.064   166.494   170.678
16:50:50.996   162.067   160.259   164.659   167.886   171.523
16:50:51.059   162.046   161.063   163.198   167.946   171.829
16:50:51.107   161.310   158.960   164.708   166.609   171.418
16:50:51.170   161.582   159.850   162.631   167.186   171.810
16:50:51.231   161.004   161.205   164.664   168.993   172.423
16:50:51.280   161.045   160.160   163.724   166.886   172.193
16:50:51.342   161.017   157.486   164.288   165.305   170.379
16:50:51.391   160.325   160.229   166.143   167.847   171.696
16:50:51.451   161.539   161.745   164.500   168.791   172.721
16:50:51.499   160.438   159.218   165.526   168.079   170.795
16:50:51.546   162.132   163.327   163.604   169.979   172.936
16:50:51.594   162.036   163.876   164.044   170.748   172.743
16:50:51.644   162.235   164.103   163.952   169.986   171.750
16:50:51.704   162.285   164.245   163.363   171.404   171.670
16:50:51.753   161.737   164.282   165.599   171.452   173.687
16:50:51.801   162.019   164.372   163.805   172.526   172.354
16:50:51.849   159.855   164.586   164.398   171.924   173.340
16:50:51.911   159.693   164.128   163.767   171.532   172.945
16:50:51.961   159.284   165.238   164.383   170.950   173.993
16:50:52.022   158.733   165.332   164.291   170.672   174.873
16:50:52.083   158.834   166.311   163.728   171.747   174.830
16:50:52.145   157.904   164.517   164.439   168.535   174.143
16:50:52.194   158.280   164.824   163.957   169.623   172.864
16:50:52.253   157.397   165.000   164.148   169.154   174.115
16:50:52.301   159.395   165.089   162.303   170.205   175.353
16:50:52.350   156.823   165.727   164.249   169.070   174.411
16:50:52.398   157.790   164.804   163.150   168.398   174.183
16:50:52.445   156.714   164.183   164.037   168.227   173.741
16:50:52.507   156.476   165.646   163.572   167.935   174.578
16:50:52.556   159.045   166.612   161.500   171.617   177.243
16:50:52.620   157.244   165.508   163.806   168.806   174.735
16:50:52.683   157.276   165.456   162.927   169.374   175.147
16:50:52.731   157.384   166.046   161.344   171.120   175.349
16:50:52.779   158.666   165.618   162.472   170.743   176.185
16:50:52.842   157.303   166.481   162.100   170.558   175.882
16:50:52.890   157.418   166.011   161.497   170.180   176.338
16:50:52.952   156.857   166.771   160.472   170.387   175.690
16:50:53.000   156.976   166.740   162.819   170.901   175.285
16:50:53.048   159.664   167.153   162.614   172.060   174.637
16:50:53.096   158.927   165.526   161.677   169.966   175.766
16:50:53.157   158.763   166.240   162.074   171.299   174.586
16:50:53.220   157.774   164.013   162.295   169.350   174.687
16:50:53.281   158.148   166.560   162.036   172.252   176.903
16:50:53.330   157.209   166.417   161.194   171.847   176.742
16:50:53.391   158.095   166.496   162.010   171.644   174.846
16:50:53.453   159.560   164.782   161.428   170.706   173.846
16:50:53.502   159.695   167.005   163.365   172.802   175.003
16:50:53.565   159.664   167.558   158.650   172.775   176.667
16:50:53.613   159.080   163.611   161.567   170.556   173.068
16:50:53.676   159.376   163.847   161.180   170.312   173.852
16:50:53.736   162.614   166.249   159.907   174.186   176.638
16:50:53.785   161.654   164.646   163.987   172.669   176.846
16:50:53.834   161.553   164.987   162.536   171.896   177.196
16:50:53.897   161.320   163.527   163.551   172.569   176.245
16:50:53.959   163.446   163.566   162.266   172.581   173.698
16:50:54.020   161.899   166.181   163.428   174.732   178.279
16:50:54.068   161.342   163.623   163.403   172.687   174.082
16:50:54.118   161.445   165.087   165.412   174.670   178.336
16:50:54.179   162.758   164.079   163.285   173.045   175.744
16:50:54.229   161.298   165.539   164.080   174.103   178.594
16:50:54.292   162.739   164.383   161.546   172.959   174.855
16:50:54.354   161.322   162.997   164.366   172.434   174.913
16:50:54.402   161.842   163.794   164.023   172.795   175.196
16:50:54.451   162.538   164.988   163.900   173.604   175.355
16:50:54.513   161.073   165.961   164.977   174.026   178.223
16:50:54.562   162.762   164.177   163.942   172.047   173.975
16:50:54.624   161.611   165.669   164.319   173.409   177.461
16:50:54.670   162.215   165.073   164.820   172.471   174.133
16:50:54.719   162.756   166.027   164.494   174.121   178.382
16:50:54.782   161.725   163.929   163.591   171.443   174.991
16:50:54.843   161.503   163.225   163.877   172.032   176.086
16:50:54.905   162.869   164.104   164.235   173.857   176.361
16:50:54.967   160.858   164.129   165.750   172.358   176.916
16:50:55.017   162.873   161.325   160.528   170.816   173.417
16:50:55.077   161.779   162.792   164.411   172.322   175.973
16:50:55.125   161.886   163.215   162.571   173.119   175.885
16:50:55.188   161.740   161.426   163.768   170.701   175.311
16:50:55.251   161.591   161.185   161.865   169.486   174.215
16:50:55.300   161.354   160.050   161.569   169.129   172.399
16:50:55.362   162.250   161.142   161.359   169.781   174.523
16:50:55.409   161.915   161.238   162.409   171.314   175.105
16:50:55.471   162.113   161.854   162.900   171.270   174.677
16:50:55.520   162.354   162.871   162.392   172.585   176.234
16:50:55.568   162.645   162.174   162.388   172.047   175.737
16:50:55.615   161.988   160.676   161.516   169.600   173.951
16:50:55.662   162.660   162.581   162.550   171.772   175.428
16:50:55.711   161.516   161.453   161.708   170.510   174.475
16:50:55.760   162.565   162.169   161.911   170.750   174.092
16:50:55.820   162.327   162.302   163.137   172.058   175.577
16:50:55.867   162.847   163.354   162.078   173.149   175.568
16:50:55.917   162.195   163.673   162.357   171.946   176.270
16:50:55.966   162.169   162.468   160.780   171.679   176.115
16:50:56.028   161.099   161.763   161.805   171.191   174.109
16:50:56.090   161.555   166.582   161.708   173.975   175.476
16:50:56.140   161.259   166.976   161.335   173.124   174.871
16:50:56.203   162.099   166.135   163.047   173.343   175.142
16:50:56.283   161.295   174.114   165.031   172.540   170.006
16:50:56.284   161.755   165.875   161.335   172.025   174.603
16:50:56.322   161.781   165.412   161.855   171.773   174.528
16:50:56.374   163.810   166.589   161.139   173.316   174.796
16:50:56.424   161.234   165.592   161.275   171.829   174.217
16:50:56.487   162.717   166.649   160.357   173.361   174.838
16:50:56.548   161.004   166.735   160.689   173.079   172.869
16:50:56.600   161.355   165.842   159.869   171.955   173.281
16:50:56.660   159.133   162.484   159.067   168.862   169.241
16:50:56.707   155.855   163.947   160.234   170.602   172.188
16:50:56.754   156.040   163.183   160.469   169.274   172.231
16:50:56.802   155.709   162.708   159.035   169.301   171.696
16:50:56.851   155.194   162.897   161.002   168.224   172.651
16:50:56.914   154.414   162.781   159.918   167.762   172.076
16:50:56.961   154.253   162.515   159.961   166.107   170.406
16:50:57.011   155.157   163.542   160.498   168.077   172.034
16:50:57.073   153.349   163.171   159.467   168.129   172.719
16:50:57.123   154.228   163.031   160.374   167.354   171.362
16:50:57.186   154.032   162.788   159.553   167.646   170.760
16:50:57.234   153.638   163.324   162.528   167.400   173.909
16:50:57.283   154.914   165.107   159.670   165.537   172.586
16:50:57.343   154.049   163.308   162.410   167.028   173.339
16:50:57.390   155.230   164.632   158.030   167.152   171.957
16:50:57.437   155.663   162.811   162.149   165.602   173.665
16:50:57.486   155.279   161.624   157.339   164.528   169.712
16:50:57.535   154.226   161.671   158.067   164.839   168.798
16:50:57.596   154.076   162.649   160.661   165.493   173.051
16:50:57.656   153.068   163.735   160.380   165.877   172.793
16:50:57.702   153.183   161.981   157.066   165.127   169.150
16:50:57.753   153.619   162.384   158.066   166.288   170.209
16:50:57.815   154.493   163.082   160.183   165.929   171.877
16:50:57.866   153.677   165.759   160.687   166.086   173.592
16:50:57.926   153.514   163.845   158.820   165.464   171.206
16:50:57.987   152.840   163.565   159.240   167.140   171.876
16:50:58.036   153.322   165.622   159.851   166.456   173.187
16:50:58.082   154.818   166.064   158.423   166.547   172.541
16:50:58.134   153.508   164.530   157.318   166.479   171.960
16:50:58.193   153.319   163.387   156.624   169.035   173.269
16:50:58.241   155.529   164.444   158.815   169.146   175.038
16:50:58.292   158.015   164.837   157.101   172.350   174.535
16:50:58.354   162.541   164.316   157.784   172.912   177.207
16:50:58.415   164.259   162.837   158.634   169.776   173.398
16:50:58.465   164.102   166.842   157.562   174.612   172.740
16:50:58.526   164.279   166.060   157.828   174.300   173.697
16:50:58.587   164.869   166.076   157.059   175.016   172.919
16:50:58.636   163.006   164.439   157.559   174.085   173.709
16:50:58.685   163.983   166.034   156.449   175.488   171.937
16:50:58.733   165.159   166.903   157.224   176.237   173.011
16:50:58.798   161.898   162.366   161.086   169.952   160.912
16:50:58.799   163.708   166.877   157.820   176.577   175.380
16:50:58.838   163.611   163.670   157.192   173.044   172.874
16:50:58.906   159.690   161.437   163.458   169.263   162.543
16:50:58.907   163.242   164.086   159.103   173.982   173.212
16:50:58.932   162.203   165.928   159.987   174.627   175.200
16:50:59.003   161.425   165.240   161.979   174.475   160.757
16:50:59.004   162.447   165.667   159.228   173.037   175.992
16:50:59.045   163.694   167.473   158.650   175.499   176.999
16:50:59.096   162.844   167.762   158.278   175.176   176.120
16:50:59.175   169.550   163.119   158.610   171.256   163.860
16:50:59.177   160.433   167.823   159.877   176.777   176.849
16:50:59.218   164.313   168.206   159.957   175.213   174.098
16:50:59.269   162.320   167.109   159.600   174.577   174.215
16:50:59.318   160.856   166.284   160.788   176.610   176.617
16:50:59.381   161.142   165.058   159.453   174.093   173.924
16:50:59.443   161.751   165.717   158.425   174.919   173.674
16:50:59.491   161.390   166.309   157.848   174.257   173.732
16:50:59.554   161.098   167.077   158.788   175.308   174.023
16:50:59.602   160.263   167.710   159.190   175.239   173.588
16:50:59.650   162.232   169.673   157.913   176.641   173.884
16:50:59.699   160.744   168.164   161.424   175.080   176.709
16:50:59.760   162.353   166.455   160.856   173.604   174.335
16:50:59.808   157.857   167.211   162.440   174.751   178.008
16:50:59.862   160.490   166.934   162.860   174.911   175.440
16:50:59.920   160.286   169.237   163.150   176.610   177.525
16:50:59.970   160.836   168.226   160.085   174.505   174.833
16:51:00.030   158.856   164.861   162.094   174.551   174.496
16:51:00.078   159.013   167.545   159.260   173.851   173.703
16:51:00.141   159.278   166.363   159.972   176.499   176.237
16:51:00.188   158.453   164.210   159.552   170.171   171.393
16:51:00.238   158.867   164.622   158.640   174.299   172.590
16:51:00.300   157.564   167.091   157.453   174.845   172.056
16:51:00.348   157.907   166.885   161.233   173.255   173.989
16:51:00.395   155.578   168.305   161.644   170.434   173.961
16:51:00.444   156.340   166.398   162.340   172.361   169.886
16:51:00.505   155.189   165.728   161.262   173.738   172.231
16:51:00.555   154.760   165.839   161.690   174.167   170.937
16:51:00.618   157.401   166.452   162.168   172.533   172.501
16:51:00.681   158.471   166.336   161.100   174.229   171.988
16:51:00.744   158.238   165.406   158.429   174.121   170.803
16:51:00.791   157.761   163.767   159.327   173.625   170.906
16:51:00.838   159.387   167.003   160.040   173.871   171.661
16:51:00.887   160.427   164.196   161.278   171.727   173.694
16:51:00.948   158.484   165.281   161.052   173.276   173.072
16:51:01.009   159.600   166.486   160.648   172.647   174.068
16:51:01.072   156.863   163.990   159.454   173.100   170.385
16:51:01.136   159.422   166.925   156.381   172.446   172.789
16:51:01.184   159.232   168.033   158.179   175.966   174.345
16:51:01.232   157.201   165.467   159.158   173.382   173.912
16:51:01.295   159.052   167.577   157.481   175.130   173.497
16:51:01.343   157.543   164.647   159.871   172.694   173.028
16:51:01.390   158.961   167.559   159.853   172.151   174.357
16:51:01.452   157.956   164.955   162.873   172.155   174.414
16:51:01.500   159.439   165.474   159.556   171.275   173.096
16:51:01.561   157.823   166.400   159.818   173.766   173.801
16:51:01.609   158.040   164.725   160.162   172.637   172.502
16:51:01.658   158.076   166.436   158.965   174.793   174.103
16:51:01.720   157.699   167.445   160.656   174.233   174.811
16:51:01.769   159.539   166.459   159.967   172.635   174.765
16:51:01.832   158.389   165.895   160.124   174.058   173.770
16:51:01.882   157.468   164.517   159.340   174.111   173.710
16:51:01.942   158.666   166.024   158.004   173.187   173.730
16:51:01.989   158.323   165.312   160.059   174.233   173.548
16:51:02.038   158.757   166.336   159.832   171.487   173.806
16:51:02.085   158.045   165.536   161.834   171.946   174.526
16:51:02.134   157.335   167.640   159.637   172.977   174.563
16:51:02.195   159.398   166.515   160.046   171.519   169.051
16:51:02.257   158.520   166.773   163.630   171.662   172.566
16:51:02.307   159.201   167.209   160.011   171.618   171.392
16:51:02.368   158.938   163.190   157.127   168.569   169.681
16:51:02.416   157.989   161.713   158.228   166.875   170.899
16:51:02.463   155.809   162.005   158.144   168.284   174.060
16:51:02.511   149.913   159.571   157.277   165.269   171.742
16:51:02.561   149.500   158.260   158.656   162.684   168.630
16:51:02.621   152.009   161.751   158.477   164.784   172.694
16:51:02.684   146.673   159.990   159.688   163.052   171.581
16:51:02.732   148.402   160.879   159.536   164.742   172.490
16:51:02.791   147.440   160.317   157.705   164.584   172.294
16:51:02.840   147.542   162.039   159.157   166.316   172.036
16:51:02.888   146.056   159.101   158.210   163.517   172.792
16:51:02.937   146.219   161.797   159.449   166.040   172.868
16:51:02.986   146.554   162.735   158.104   167.708   174.211
16:51:03.049   144.469   160.099   158.060   164.648   172.711
16:51:03.109   143.315   158.814   158.602   165.426   172.520
16:51:03.159   143.104   158.342   158.161   165.279   172.572
16:51:03.207   145.016   160.347   156.401   167.152   171.922
16:51:03.269   143.913   157.682   158.623   165.562   173.383
16:51:03.318   147.552   158.841   155.527   166.834   174.369
16:51:03.366   141.704   159.989   158.946   166.444   174.201
16:51:03.427   141.868   157.656   158.222   167.433   173.491
16:51:03.475   142.860   156.589   156.324   171.410   172.986
16:51:03.523   144.303   161.955   156.343   172.784   175.582
16:51:03.585   148.371   157.541   157.150   168.817   178.053
16:51:03.647   143.601   159.776   157.707   174.115   175.480
16:51:03.694   147.332   155.381   158.503   169.255   174.586
16:51:03.744   146.035   153.312   158.602   170.692   174.758
16:51:03.791   144.923   154.963   158.835   173.386   177.521
16:51:03.839   147.721   157.805   157.820   172.510   177.612
16:51:03.888   144.311   154.349   157.275   169.699   177.706
16:51:03.950   143.733   151.932   156.440   172.857   177.806
16:51:04.013   144.841   151.738   157.285   170.384   176.892
16:51:04.060   143.651   151.995   156.278   169.653   175.170
16:51:04.106   144.748   153.701   156.391   173.801   176.103
16:51:04.157   144.220   152.468   154.507   168.727   175.516
16:51:04.220   149.782   156.648   152.990   166.194   173.945
16:51:04.281   152.726   157.659   149.742   167.736   169.956
16:51:04.329   148.241   158.035   151.361   167.946   172.316
16:51:04.376   151.604   158.257   151.437   169.510   172.439
16:51:04.425   151.507   157.246   152.263   168.411   176.129
16:51:04.487   153.942   159.836   155.435   165.043   174.927
16:51:04.548   164.114   162.063   156.015   172.618   171.207
16:51:04.608   165.608   162.615   152.082   171.717   173.333
16:51:04.657   164.204   162.403   154.828   170.655   173.321
16:51:04.719   166.011   163.505   153.589   171.919   173.114
16:51:04.767   164.974   162.934   154.620   172.027   173.566
16:51:04.830   164.718   162.007   154.657   169.698   172.978
16:51:04.892   165.528   164.298   154.335   173.316   175.903
16:51:04.953   165.092   162.764   153.832   170.978   173.096
16:51:05.003   164.113   162.478   154.064   171.726   173.481
16:51:05.064   164.412   162.010   154.621   172.549   173.416
16:51:05.114   165.361   162.028   155.155   171.031   172.731
16:51:05.161   164.487   162.856   154.085   172.037   174.218
16:51:05.223   164.407   162.959   154.948   172.106   173.857
16:51:05.271   164.848   162.538   153.148   172.674   173.372
16:51:05.318   165.187   161.394   154.356   171.677   173.098
16:51:05.366   164.950   162.032   154.488   172.430   173.590
16:51:05.414   164.173   162.087   153.025   172.702   174.165
16:51:05.461   164.024   161.848   152.484   172.288   173.558
16:51:05.509   164.727   163.050   152.481   172.123   173.417
16:51:05.557   165.012   161.968   154.615   171.552   172.261
16:51:05.606   164.453   161.718   155.287   171.462   173.979
16:51:05.666   164.727   161.944   153.022   171.920   173.403
16:51:05.728   164.395   161.729   152.772   172.364   173.333
16:51:05.776   163.588   162.047   153.791   171.599   173.307
16:51:05.825   165.262   162.834   152.077   173.024   173.264
16:51:05.886   164.234   161.101   153.524   171.394   172.549
16:51:05.936   163.965   162.352   152.975   171.194   174.284
16:51:06.000   164.458   162.263   153.972   172.904   173.800
16:51:06.062   165.495   163.024   153.305   173.113   173.425
16:51:06.110   163.696   160.923   155.868   170.526   173.038
16:51:06.158   164.251   162.825   152.505   170.786   174.422
16:51:06.205   164.885   162.120   153.767   172.302   174.131
16:51:06.253   164.505   161.333   153.512   170.659   172.736
16:51:06.314   164.639   162.514   151.682   171.729   173.579
16:51:06.364   164.876   161.910   152.197   172.271   173.886
16:51:06.411   164.506   161.561   153.214   171.684   173.418
16:51:06.460   163.588   161.117   151.921   171.957   174.318
16:51:06.521   166.055   163.160   152.318   169.723   174.480
16:51:06.572   165.917   162.591   153.652   170.493   172.432
16:51:06.633   165.852   162.107   152.444   171.793   173.743
16:51:06.695   163.745   162.346   152.821   172.074   174.427
16:51:06.744   166.124   163.742   151.539   170.652   173.464
16:51:06.804   164.816   161.505   153.827   170.017   173.118
16:51:06.851   164.688   161.064   153.416   169.479   171.722
16:51:06.900   165.612   162.843   152.361   169.962   172.445
16:51:06.947   164.854   161.673   153.821   170.204   173.048
16:51:06.994   164.644   161.246   153.257   169.565   173.021
16:51:07.044   165.543   161.827   152.017   168.333   172.355
16:51:07.105   164.319   161.846   153.565   170.643   172.291
16:51:07.155   164.725   162.845   154.350   170.497   173.905
16:51:07.218   166.089   162.812   153.051   171.263   173.069
16:51:07.266   165.021   161.465   153.864   169.058   172.992
16:51:07.328   164.981   161.268   152.671   170.283   172.844
16:51:07.376   165.440   162.519   153.250   167.797   172.584
16:51:07.422   164.988   163.226   155.116   169.492   170.291
16:51:07.486   165.248   161.651   155.972   168.217   170.311
16:51:07.546   164.753   159.812   155.078   167.419   170.053
16:51:07.593   164.591   162.234   154.825   166.518   167.569
16:51:07.656   163.602   158.823   157.238   167.343   169.217
16:51:07.704   163.379   159.823   155.787   164.458   167.736
16:51:07.752   163.328   160.099   154.247   163.515   167.832
16:51:07.800   162.696   158.818   155.198   162.125   167.802
16:51:07.849   163.056   158.075   155.248   160.992   167.189
16:51:07.896   162.445   157.061   155.368   160.624   167.485
16:51:07.943   162.306   157.701   156.000   160.986   167.885
16:51:07.991   161.984   156.904   155.422   161.237   167.714
16:51:08.038   160.933   157.828   155.868   162.299   170.180
16:51:08.087   159.735   156.410   155.726   162.186   170.370
16:51:08.135   156.306   153.456   155.058   159.841   171.358
16:51:08.187   158.751   156.669   153.592   163.971   172.589
16:51:08.250   154.325   152.823   155.865   164.275   171.473
16:51:08.310   155.023   154.413   156.669   165.673   172.648
16:51:08.357   150.028   155.809   157.452   167.331   174.733
16:51:08.408   149.564   156.719   153.653   171.266   174.402
16:51:08.467   148.714   152.478   156.753   163.070   174.164
16:51:08.529   145.152   152.155   155.391   164.133   173.547
16:51:08.578   145.041   151.096   152.135   164.324   172.316
16:51:08.642   143.400   149.676   153.814   159.152   171.139
16:51:08.705   139.951   148.408   151.358   158.238   169.412
16:51:08.766   139.576   146.322   148.721   158.181   171.828
16:51:08.828   138.848   146.713   151.329   154.331   171.942
16:51:08.877   139.749   147.152   149.675   159.606   171.333
16:51:08.925   138.598   147.144   151.097   158.675   172.235
16:51:08.986   138.576   147.055   149.828   158.267   169.995
16:51:09.034   141.077   148.762   153.239   156.100   169.089
16:51:09.083   138.541   146.801   150.698   155.233   170.538
16:51:09.145   141.225   146.243   152.204   157.944   172.967
16:51:09.193   141.652   146.994   151.735   156.611   165.931
16:51:09.241   147.235   147.729   154.482   158.223   168.269
16:51:09.288   140.327   146.903   148.431   158.871   169.448
16:51:09.337   140.893   147.672   150.169   160.381   171.586
16:51:09.400   146.181   145.035   152.293   158.473   166.068
16:51:09.450   145.882   140.454   147.475   156.188   169.827
16:51:09.511   151.096   151.194   151.826   162.129   171.642
16:51:09.562   157.580   154.328   149.044   163.520   171.061
16:51:09.623   158.028   158.767   150.417   170.804   170.387
16:51:09.673   160.843   156.603   151.119   163.952   172.333
16:51:09.734   164.141   160.826   150.675   165.191   173.153
16:51:09.784   165.397   161.075   152.365   167.825   173.956
16:51:09.845   166.191   163.644   150.855   170.288   176.088
16:51:09.893   165.175   161.921   151.253   169.164   174.016
16:51:09.941   165.518   163.292   152.836   173.527   174.204
16:51:09.988   166.063   162.887   153.309   171.631   173.670
16:51:10.036   165.025   161.769   153.056   172.601   174.389
16:51:10.084   165.632   162.798   150.573   171.834   174.137
16:51:10.137   164.423   161.943   151.230   172.500   174.654
16:51:10.197   164.920   162.682   151.416   173.446   175.215
16:51:10.259   165.348   164.306   152.233   173.676   175.665
16:51:10.308   166.624   164.180   152.470   171.562   173.866
16:51:10.369   164.878   164.367   152.103   173.250   175.420
16:51:10.417   164.867   163.302   150.910   173.045   174.172
16:51:10.467   164.947   162.745   152.177   171.094   175.113
16:51:10.527   165.333   162.812   152.108   170.807   175.990
16:51:10.576   164.627   163.139   152.932   172.068   175.499
16:51:10.638   164.789   163.213   153.116   171.931   174.378
16:51:10.685   165.194   164.082   153.169   173.030   174.075
16:51:10.733   165.206   163.160   153.187   171.349   175.402
16:51:10.782   164.512   163.582   152.103   172.205   174.810
16:51:10.844   164.420   164.242   151.506   171.225   174.707
16:51:10.906   165.283   163.253   151.230   171.791   174.202
16:51:10.955   165.304   164.563   151.118   172.303   173.590
16:51:11.003   166.300   163.522   151.685   172.000   174.805
16:51:11.051   165.634   163.906   151.361   171.235   174.950
16:51:11.099   164.837   163.865   149.747   172.526   175.566
16:51:11.149   165.697   163.670   151.542   170.686   174.932
16:51:11.210   165.534   163.512   151.353   171.239   175.096
16:51:11.260   166.151   163.433   151.731   170.102   175.877
16:51:11.319   165.480   162.320   150.868   170.775   175.086
16:51:11.366   165.711   162.611   149.743   170.078   173.171
16:51:11.414   165.015   163.080   149.601   172.719   174.972
16:51:11.462   165.803   162.508   149.730   171.821   174.600
16:51:11.510   164.645   162.447   151.986   170.068   175.117
16:51:11.559   165.119   163.748   151.203   171.816   174.212
16:51:11.620   166.133   164.296   152.222   170.628   173.466
16:51:11.667   166.988   162.790   150.929   170.431   174.035
16:51:11.716   165.849   164.105   151.757   170.090   171.978
16:51:11.764   164.601   162.622   152.210   170.219   171.720
16:51:11.812   164.755   163.455   152.246   169.206   170.551
16:51:11.859   164.817   162.311   154.891   169.666   169.788
16:51:11.908   164.912   162.206   152.135   169.120   169.568
16:51:11.971   163.507   160.174   154.315   167.915   168.506
16:51:12.032   163.765   159.390   152.982   165.980   168.467
16:51:12.079   163.013   159.749   153.569   166.022   169.665
16:51:12.128   163.305   157.888   152.554   164.926   168.546
16:51:12.190   159.472   157.982   154.189   163.619   169.281
16:51:12.237   161.517   158.434   151.922   163.246   168.474
16:51:12.300   162.168   158.845   153.437   165.018   169.971
16:51:12.348   159.837   158.021   156.271   161.271   169.889
16:51:12.396   160.810   156.719   149.268   163.260   173.374
16:51:12.458   157.076   153.018   154.689   162.098   170.925
16:51:12.506   155.755   151.178   155.591   161.086   171.713
16:51:12.568   154.810   151.881   157.398   159.346   173.361
16:51:12.629   151.498   153.460   157.130   162.482   172.499
16:51:12.677   150.013   154.075   156.197   161.599   171.409
16:51:12.724   149.845   152.099   158.347   163.072   169.755
16:51:12.772   146.226   146.302   152.341   157.941   166.842
16:51:12.836   145.000   148.027   151.161   156.460   169.579
16:51:12.898   150.021   150.273   154.386   159.460   168.281
16:51:12.947   142.786   149.171   153.060   157.082   170.119
16:51:13.009   142.373   146.117   151.173   157.353   171.630
16:51:13.057   149.431   148.572   155.842   159.670   167.105
16:51:13.119   145.942   143.625   149.982   156.483   168.417
16:51:13.180   142.864   147.067   149.536   154.448   170.667
16:51:13.228   141.970   147.480   148.874   153.733   172.340
16:51:13.277   140.137   147.464   149.214   157.490   173.796
16:51:13.325   144.276   143.887   149.839   156.662   170.156
16:51:13.374   140.423   147.901   150.441   157.688   170.848
16:51:13.422   140.293   145.544   153.527   153.926   170.236
16:51:13.485   142.708   146.423   152.810   158.970   172.584
16:51:13.550   138.098   144.461   149.725   156.110   171.124
16:51:13.612   141.269   145.039   151.403   157.152   171.759
16:51:13.672   147.624   145.830   154.869   160.672   168.794
16:51:13.721   141.711   145.632   149.720   157.587   172.662
16:51:13.784   147.320   142.169   146.583   154.371   169.535
16:51:13.831   150.310   146.476   145.352   152.166   172.259
16:51:13.880   154.630   152.910   147.666   157.244   172.542
16:51:13.942   161.802   162.210   145.535   166.351   172.200
16:51:13.989   162.083   161.725   149.674   165.211   172.141
16:51:14.038   164.048   161.290   149.047   167.522   173.957
16:51:14.086   164.630   161.904   147.548   170.768   172.489
16:51:14.134   166.803   162.537   147.074   168.342   173.369
16:51:14.195   165.841   163.010   149.661   169.878   172.427
16:51:14.242   165.695   162.189   148.028   169.499   172.793
16:51:14.290   164.627   162.127   148.754   172.244   174.239
16:51:14.353   165.273   161.367   148.158   169.336   173.312
16:51:14.416   165.132   161.611   149.557   170.972   173.807
16:51:14.469   164.180   161.813   150.264   173.394   173.116
16:51:14.527   165.830   162.099   147.244   169.079   173.542
16:51:14.590   165.163   162.215   149.510   170.097   172.890
16:51:14.653   164.184   161.317   149.357   172.145   172.846
16:51:14.701   164.713   161.654   147.400   168.626   173.637
16:51:14.749   163.493   161.348   148.008   171.134   175.248
16:51:14.797   165.394   162.728   148.231   169.143   172.193
16:51:14.859   163.795   162.441   150.077   168.799   173.101
16:51:14.907   165.813   161.823   149.142   169.203   172.920
16:51:14.955   163.378   161.876   152.282   169.538   174.450
16:51:15.017   163.140   162.067   150.966   167.279   175.115
16:51:15.065   164.874   162.991   149.121   169.216   173.867
16:51:15.127   165.627   163.831   148.947   169.471   174.180
16:51:15.175   165.930   162.477   149.176   169.352   173.969
16:51:15.236   165.333   163.360   148.399   169.289   174.489
16:51:15.284   164.311   161.190   147.901   169.677   174.136
16:51:15.332   165.314   163.387   147.800   170.580   175.033
16:51:15.381   162.128   162.318   148.269   168.901   175.653
16:51:15.431   165.308   162.798   147.119   169.888   174.550
16:51:15.492   165.571   163.912   147.473   169.155   174.851
16:51:15.554   165.394   162.654   147.837   168.961   174.247
16:51:15.603   165.407   164.027   147.413   170.332   174.775
16:51:15.664   164.726   163.567   148.561   170.774   174.758
16:51:15.727   163.113   161.249   150.451   169.357   174.086
16:51:15.787   165.903   162.783   146.766   169.731   174.538
16:51:15.836   163.570   162.846   150.070   171.020   175.216
16:51:15.899   163.895   162.397   148.218   169.478   175.011
16:51:15.960   166.166   160.920   147.730   168.359   171.342
16:51:16.009   165.888   163.315   149.112   170.966   170.632
16:51:16.056   164.552   161.721   152.561   170.230   170.936
16:51:16.105   164.635   161.322   150.003   165.839   168.992
16:51:16.166   164.987   160.103   151.985   168.651   169.764
16:51:16.228   165.626   161.696   150.473   165.776   168.645
16:51:16.290   165.505   160.242   152.105   168.283   170.458
16:51:16.339   165.559   159.456   151.003   167.293   169.597
16:51:16.386   164.823   158.478   152.232   165.854   169.348
16:51:16.435   163.623   157.474   151.762   163.945   168.790
16:51:16.483   163.525   158.809   149.849   164.308   169.189
16:51:16.545   162.554   159.726   150.769   165.201   169.492
16:51:16.592   161.052   159.479   151.595   163.561   169.138
16:51:16.641   160.218   158.943   149.876   164.849   171.576
16:51:16.702   160.727   158.137   151.679   161.083   170.876
16:51:16.750   160.848   155.391   150.895   159.228   170.956
16:51:16.799   160.246   157.136   152.311   160.192   171.797
16:51:16.862   161.748   154.309   151.353   162.247   173.776
16:51:16.911   157.462   153.669   153.518   165.425   172.580
16:51:16.959   156.886   154.442   154.714   162.612   176.090
16:51:17.019   152.213   152.038   156.388   161.501   173.546
16:51:17.069   154.286   155.255   154.593   158.302   170.669
16:51:17.118   151.457   155.296   154.046   163.194   173.423
16:51:17.164   150.377   153.427   156.097   163.258   171.160
16:51:17.212   146.092   147.223   152.025   157.808   169.753
16:51:17.262   145.816   149.031   150.944   158.278   170.408
16:51:17.321   145.868   148.739   153.581   157.085   169.997
16:51:17.369   145.353   147.213   151.802   157.719   169.401
16:51:17.418   148.529   150.267   154.418   160.107   172.046
16:51:17.466   145.653   148.369   153.655   155.508   169.150
16:51:17.514   142.959   145.090   150.657   156.205   168.154
16:51:17.561   143.071   150.046   152.736   157.279   168.693
16:51:17.608   143.401   147.504   151.297   156.879   169.069
16:51:17.657   144.641   148.655   152.203   156.684   169.921
16:51:17.704   143.637   146.265   150.703   156.600   169.927
16:51:17.751   147.451   147.319   154.901   158.659   168.939
16:51:17.800   143.025   145.631   150.787   156.204   168.794
16:51:17.847   145.177   145.679   153.124   156.006   171.945
16:51:17.895   143.764   143.667   153.548   152.878   172.598
16:51:17.943   140.060   145.334   149.417   154.993   168.827
16:51:17.991   143.211   146.237   149.717   155.268   171.742
16:51:18.038   143.725   147.132   147.067   155.205   171.554
16:51:18.086   152.494   145.239   146.163   153.340   170.304
16:51:18.135   155.175   148.971   149.277   154.970   172.130
16:51:18.198   156.020   150.313   147.826   154.512   169.931
16:51:18.246   155.848   155.006   148.514   159.813   172.736
16:51:18.295   157.718   160.419   150.053   162.844   175.836
16:51:18.355   159.936   158.711   148.598   166.021   171.861
16:51:18.404   162.772   160.615   149.368   166.976   174.064
16:51:18.464   164.504   160.165   147.216   169.685   171.573
16:51:18.527   164.152   161.239   146.554   170.632   171.317
16:51:18.589   163.687   160.929   148.220   168.805   171.824
16:51:18.637   165.898   162.279   147.481   170.452   172.725
16:51:18.687   164.168   159.075   147.267   169.991   171.409
16:51:18.748   164.509   161.559   146.088   170.730   173.920
16:51:18.796   164.130   159.502   148.356   167.644   173.047
16:51:18.844   164.406   160.597   147.135   167.599   174.040
16:51:18.891   163.763   158.648   149.471   165.559   172.604
16:51:18.938   164.552   160.771   147.975   168.548   174.384
16:51:18.986   164.285   162.254   147.174   168.070   173.862
16:51:19.033   164.345   163.257   146.866   168.448   174.369
16:51:19.082   164.118   162.150   147.635   168.122   174.264
16:51:19.143   163.585   163.527   145.972   167.483   174.407
16:51:19.189   163.678   160.736   148.076   165.919   173.095
16:51:19.238   163.774   161.674   146.722   169.091   174.188
16:51:19.286   161.597   161.067   147.104   167.421   174.233
16:51:19.335   162.274   161.250   147.064   167.334   173.185
16:51:19.396   164.697   161.575   145.010   165.443   173.160
16:51:19.445   163.981   162.434   146.598   167.800   173.818
16:51:19.507   164.292   161.233   146.643   167.577   172.780
16:51:19.554   162.988   161.693   144.582   168.431   173.391
16:51:19.602   164.047   162.528   148.051   167.362   173.886
16:51:19.650   163.325   162.580   145.460   167.845   173.728
16:51:19.698   164.592   162.271   147.869   167.806   172.451
16:51:19.747   163.310   162.259   145.199   169.958   173.248
16:51:19.796   162.044   161.627   145.683   168.187   174.287
16:51:19.856   162.467   164.468   146.695   167.386   174.298
16:51:19.905   162.921   161.440   144.752   163.264   172.339
16:51:19.953   163.417   163.148   146.717   165.858   172.713
16:51:20.015   163.693   162.106   144.147   166.723   173.228
16:51:20.063   164.667   162.612   145.784   167.424   173.258
16:51:20.112   163.712   161.253   145.385   168.155   172.917
16:51:20.159   164.638   161.343   146.722   167.585   172.636
16:51:20.207   163.253   162.338   146.308   169.209   174.123
16:51:20.256   164.267   160.926   145.801   168.012   172.317
16:51:20.318   164.760   163.234   146.503   169.395   173.384
16:51:20.367   164.574   158.799   146.827   166.076   170.479
16:51:20.428   164.994   159.303   147.201   165.564   169.728
16:51:20.478   164.700   160.654   148.724   166.283   169.119
16:51:20.541   163.538   160.063   149.193   167.450   169.152
16:51:20.602   163.640   157.855   150.670   164.293   168.549
16:51:20.664   162.420   158.999   150.251   165.537   169.169
16:51:20.712   162.988   160.468   150.343   165.680   169.804
16:51:20.775   163.444   162.069   150.832   164.991   170.467
16:51:20.823   162.434   159.796   151.114   164.685   170.035
16:51:20.870   161.523   159.198   149.870   166.072   172.093
16:51:20.933   160.284   159.080   149.867   165.866   171.732
16:51:20.995   159.538   160.475   150.833   164.232   171.293
16:51:21.045   158.888   160.158   150.443   164.932   172.678
16:51:21.105   159.584   160.146   150.970   163.119   172.743
16:51:21.155   160.356   161.458   151.352   164.070   171.122
16:51:21.218   158.632   159.449   150.238   161.701   171.506
16:51:21.267   160.926   160.331   148.262   162.483   171.464
16:51:21.327   158.902   156.051   153.088   159.240   172.343
16:51:21.374   160.637   152.891   153.496   159.366   170.019
16:51:21.421   158.496   155.342   152.777   163.508   173.370
16:51:21.470   158.486   153.724   154.326   161.846   173.518
16:51:21.518   155.754   151.850   156.011   161.852   173.681
16:51:21.566   151.445   151.598   156.133   160.656   171.184
16:51:21.614   151.986   152.793   157.179   161.755   173.615
16:51:21.661   150.812   153.085   155.943   161.188   170.914
16:51:21.709   148.592   153.595   153.036   160.630   171.430
16:51:21.757   144.803   147.583   151.920   155.457   169.220
16:51:21.820   143.805   149.647   149.378   158.012   169.018
16:51:21.882   147.611   151.396   150.635   154.272   172.212
16:51:21.930   146.583   150.572   150.932   157.325   170.564
16:51:21.979   146.606   153.030   154.620   158.018   169.799
16:51:22.041   146.514   150.912   154.203   154.935   171.660
16:51:22.089   144.386   148.920   151.474   159.986   169.054
16:51:22.137   145.743   150.801   153.776   159.123   171.235
16:51:22.200   143.562   147.191   150.428   158.301   169.155
16:51:22.263   141.892   146.986   153.002   151.531   170.481
16:51:22.326   144.208   149.056   151.253   157.973   171.183
16:51:22.374   140.198   147.615   152.804   157.350   172.418
16:51:22.437   145.144   147.540   148.937   158.808   167.455
16:51:22.483   147.411   148.318   147.001   155.521   167.948
16:51:22.532   152.074   148.377   147.125   155.800   169.846
16:51:22.595   154.528   153.321   147.669   163.252   171.852
16:51:22.642   153.595   158.200   148.961   164.569   174.846
16:51:22.690   156.197   157.954   149.531   167.316   171.340
16:51:22.737   158.044   157.841   148.766   164.207   172.931
16:51:22.785   157.237   156.002   150.875   162.224   172.738
16:51:22.849   159.536   157.513   149.021   163.502   171.437
16:51:22.909   159.558   155.972   150.662   163.256   170.096
16:51:22.957   161.284   157.555   149.435   165.027   170.912
16:51:23.005   161.506   157.462   149.389   164.283   171.893
16:51:23.053   161.365   158.323   147.384   166.519   171.788
16:51:23.101   164.010   159.554   147.094   169.054   171.982
16:51:23.163   162.459   157.980   148.994   166.259   171.236
16:51:23.211   166.116   161.140   147.681   166.932   173.477
16:51:23.273   163.097   159.739   147.189   168.490   173.065
16:51:23.321   164.856   160.587   146.151   169.254   173.270
16:51:23.368   165.349   162.179   146.282   168.898   173.365
16:51:23.417   164.618   161.244   144.461   169.027   174.061
16:51:23.481   165.972   163.700   146.634   170.144   174.438
16:51:23.542   165.637   162.083   148.279   167.538   174.201
16:51:23.590   165.215   161.937   148.282   168.762   173.291
16:51:23.639   166.284   159.450   148.245   166.567   173.503
16:51:23.701   163.719   159.476   147.035   167.943   172.536
16:51:23.751   165.903   161.523   148.433   164.471   172.515
16:51:23.814   166.934   159.536   146.938   168.617   172.536
16:51:23.878   164.431   159.980   149.555   169.313   173.818
16:51:23.939   164.539   160.829   145.678   167.508   172.522
16:51:23.988   165.078   158.997   147.440   165.031   172.140
16:51:24.050   164.639   156.757   152.642   166.219   169.768
16:51:24.100   162.549   155.265   150.981   164.323   169.503
16:51:24.163   162.483   157.121   143.464   164.818   168.891
16:51:24.225   164.032   159.118   144.972   165.507   168.820
16:51:24.272   163.947   158.525   149.420   164.441   171.415
16:51:24.321   162.905   156.900   149.920   164.507   171.245
16:51:24.399   176.763   155.867   154.666   162.501   166.359
16:51:24.400   161.629   158.518   147.706   165.269   171.211
16:51:24.441   162.677   153.558   145.004   159.613   168.376
16:51:24.495   163.481   158.647   146.123   164.703   168.614
16:51:24.555   162.842   157.691   148.328   163.431   170.908
16:51:24.605   162.038   159.162   147.068   165.674   170.863
16:51:24.667   162.758   157.630   148.527   163.286   168.890
16:51:24.716   163.158   160.454   144.616   166.678   170.536
16:51:24.780   165.411   159.639   147.489   164.172   170.831
16:51:24.842   164.690   155.011   150.905   163.044   171.411
16:51:24.889   162.733   157.110   147.606   163.781   170.368
16:51:24.936   164.064   158.643   144.968   165.160   170.471
16:51:24.985   164.022   157.247   142.003   164.011   170.928
16:51:25.033   165.585   153.731   143.029   162.546   167.456
16:51:25.096   163.356   154.992   149.336   164.020   170.126
16:51:25.158   161.461   153.543   142.778   164.215   169.401
16:51:25.207   164.291   156.497   143.103   162.604   166.508
16:51:25.269   163.949   155.788   142.788   161.356   170.899
16:51:25.315   165.319   158.147   144.067   163.067   165.101
16:51:25.366   166.103   156.597   144.722   162.224   170.247
16:51:25.427   165.362   155.417   144.061   161.113   170.038
16:51:25.474   164.409   155.066   145.040   162.912   169.221
16:51:25.522   164.217   154.606   146.164   161.683   169.285
16:51:25.585   164.045   156.644   147.122   162.637   168.246
16:51:25.636   161.775   157.255   143.876   161.036   169.590
16:51:25.695   162.243   156.621   143.995   160.809   165.755
16:51:25.757   165.517   158.952   144.229   162.208   166.764
16:51:25.804   163.391   154.916   149.389   160.754   169.867
16:51:25.853   163.736   155.871   142.464   161.645   166.627
16:51:25.914   165.440   158.169   143.787   163.405   169.564
16:51:25.963   166.207   156.040   144.033   162.898   171.063
16:51:26.027   164.615   157.224   148.091   162.856   169.131
16:51:26.089   163.694   157.787   143.229   161.991   166.891
16:51:26.138   163.764   158.103   144.432   161.807   166.674
16:51:26.200   164.601   153.238   143.717   159.425   169.441
16:51:26.263   166.525   155.980   145.454   163.552   166.266
16:51:26.313   168.505   154.772   153.846   166.960   169.569
16:51:26.375   166.988   156.805   150.945   166.101   170.723
16:51:26.436   166.611   153.900   149.443   162.825   169.762
16:51:26.485   166.382   154.405   151.110   166.692   171.414
16:51:26.543   163.489   155.166   144.547   164.109   172.385
16:51:26.601   162.690   155.895   143.887   161.389   168.192
16:51:26.657   165.108   156.845   143.824   160.601   167.913
16:51:26.722   163.440   155.847   144.235   160.614   167.769
16:51:26.784   164.388   154.775   142.117   160.004   167.077
16:51:26.847   164.422   156.980   146.843   163.444   169.976
16:51:26.908   162.593   155.422   146.836   161.333   170.936
16:51:26.955   164.103   149.717   140.980   155.634   167.338
16:51:27.004   166.175   148.712   144.023   153.944   167.033
16:51:27.054   165.266   153.294   145.381   159.865   168.985
16:51:27.118   163.512   155.632   146.076   161.010   167.219
16:51:27.182   164.073   152.152   144.202   159.814   165.885
