16:58:28.791   168.537   156.287   169.950   157.433   159.800
16:58:28.851   165.696   147.998   165.747   157.334   163.306
16:58:28.911   167.255   147.760   162.215   160.357   163.364
16:58:28.959   167.460   149.742   160.968   157.973   162.248
16:58:29.024   163.327   153.535   167.390   166.204   159.004
16:58:29.026   163.085   150.129   160.704   158.974   162.941
16:58:29.065   162.493   150.103   159.417   158.452   163.685
16:58:29.117   161.234   152.884   162.560   159.269   165.920
16:58:29.180   161.381   149.888   162.076   160.696   163.969
16:58:29.229   162.364   153.996   161.129   162.886   168.136
16:58:29.289   161.736   150.529   158.592   160.376   163.623
16:58:29.352   166.621   151.085   161.389   162.699   159.519
16:58:29.354   160.955   152.000   161.479   160.445   165.130
16:58:29.396   161.527   148.647   160.572   160.653   165.721
16:58:29.449   159.076   152.070   158.994   161.208   166.725
16:58:29.510   159.506   153.000   156.656   159.616   167.425
16:58:29.572   158.987   153.972   158.752   161.756   164.980
16:58:29.634   157.534   154.721   158.871   162.227   164.681
16:58:29.683   162.517   154.909   162.219   161.379   165.203
16:58:29.745   160.850   153.266   160.608   162.540   168.185
16:58:29.792   163.829   156.809   160.549   160.780   165.088
16:58:29.840   159.889   154.013   162.092   162.159   167.897
16:58:29.888   162.361   152.646   160.558   158.375   163.934
16:58:29.936   162.132   159.047   162.204   162.984   166.929
16:58:29.999   164.569   158.068   160.597   163.860   167.788
16:58:30.063   162.896   156.693   160.129   161.669   164.925
16:58:30.125   163.430   160.038   158.706   163.248   166.388
16:58:30.189   162.695   157.795   160.144   160.767   167.990
16:58:30.250   164.069   152.078   162.257   156.310   168.295
16:58:30.298   163.089   158.748   162.705   159.761   168.756
16:58:30.351   162.418   151.853   162.099   156.299   169.439
16:58:30.411   162.373   154.681   160.020   157.567   168.741
16:58:30.473   160.911   152.758   158.356   157.266   167.060
16:58:30.520   158.493   156.828   159.028   161.310   168.056
16:58:30.582   163.329   157.210   158.893   161.250   167.705
16:58:30.631   160.352   155.129   158.647   163.709   167.222
16:58:30.695   161.041   156.794   159.158   162.788   167.040
16:58:30.743   159.697   151.340   157.472   155.715   167.997
16:58:30.804   159.539   156.889   158.918   161.981   168.205
16:58:30.852   160.213   156.227   155.009   158.567   165.346
16:58:30.900   159.839   156.625   158.135   160.829   167.399
16:58:30.948   158.704   158.376   158.173   160.728   168.244
16:58:30.997   161.629   156.052   157.619   158.213   169.182
16:58:31.060   159.296   156.438   160.841   160.304   168.307
16:58:31.109   159.987   154.974   158.735   157.922   168.602
16:58:31.171   159.460   156.870   161.919   162.275   168.277
16:58:31.220   158.230   156.354   160.129   159.786   168.461
16:58:31.267   160.408   156.593   159.216   159.484   168.073
16:58:31.316   160.377   157.913   161.368   160.896   168.181
16:58:31.375   161.225   153.030   159.598   158.215   169.154
16:58:31.424   160.830   156.402   158.514   159.204   167.280
16:58:31.486   160.162   156.216   161.304   159.672   168.355
16:58:31.532   161.061   155.977   159.037   157.730   167.794
16:58:31.582   159.592   156.410   161.388   160.578   167.323
16:58:31.646   159.586   155.149   158.195   158.463   167.389
16:58:31.707   160.804   156.512   159.411   157.845   167.189
16:58:31.770   159.798   156.942   159.676   160.350   168.653
16:58:31.818   159.056   158.092   160.611   161.492   168.265
16:58:31.866   161.627   155.506   157.274   156.748   167.833
16:58:31.914   160.041   156.654   160.078   160.784   167.739
16:58:31.975   160.242   155.623   160.598   157.602   167.035
16:58:32.037   157.553   158.123   161.678   161.927   168.533
16:58:32.086   159.965   154.983   159.065   157.763   168.983
16:58:32.134   161.340   156.460   158.501   158.092   169.961
16:58:32.196   162.046   156.544   158.387   159.877   168.708
16:58:32.245   159.618   153.985   160.676   157.844   168.781
16:58:32.294   161.548   155.859   159.269   157.861   168.035
16:58:32.356   160.657   154.925   161.155   158.959   166.966
16:58:32.403   159.268   154.500   159.553   159.460   166.940
16:58:32.449   160.753   155.295   160.014   158.558   166.932
16:58:32.500   157.353   155.178   160.083   161.918   166.633
16:58:32.564   161.137   156.436   159.325   157.454   168.479
16:58:32.626   159.324   156.898   161.031   160.009   168.708
16:58:32.688   158.802   156.916   161.465   161.819   169.248
16:58:32.736   159.754   155.033   158.684   157.263   167.328
16:58:32.798   162.297   155.049   158.681   156.697   169.012
16:58:32.847   159.049   154.528   163.943   159.276   167.909
16:58:32.909   160.068   156.240   160.825   157.885   167.662
16:58:32.970   160.470   157.675   160.685   160.978   167.802
16:58:33.032   158.852   157.155   162.184   160.331   168.150
16:58:33.080   159.318   155.492   157.907   157.825   167.747
16:58:33.143   160.304   155.649   157.856   158.625   168.049
16:58:33.191   160.989   154.848   158.699   156.691   168.641
16:58:33.255   158.893   155.509   160.599   160.155   168.492
16:58:33.316   160.923   155.785   159.505   159.193   168.692
16:58:33.378   161.043   156.686   163.236   160.923   167.556
16:58:33.427   160.468   154.556   161.285   159.973   168.790
16:58:33.489   161.681   156.882   162.062   161.288   167.698
16:58:33.537   158.011   154.533   163.425   160.638   168.704
16:58:33.586   161.124   156.749   161.056   161.156   169.082
16:58:33.647   161.302   158.517   163.305   163.124   169.735
16:58:33.696   161.656   156.101   162.414   161.451   169.231
16:58:33.744   158.295   156.311   162.561   162.469   168.860
16:58:33.805   157.885   158.622   161.586   163.002   170.321
16:58:33.854   161.006   158.054   160.750   162.385   167.858
16:58:33.901   159.118   155.553   162.609   161.896   170.127
16:58:33.962   158.864   158.863   160.989   164.507   168.513
16:58:34.010   159.999   159.781   163.746   161.843   169.112
16:58:34.060   160.114   158.417   162.178   163.328   170.513
16:58:34.121   159.127   159.507   161.081   164.795   169.584
16:58:34.168   160.358   158.950   161.979   164.309   169.954
16:58:34.216   160.195   157.385   161.360   163.954   170.110
16:58:34.265   159.423   159.578   160.537   165.035   170.251
16:58:34.327   158.739   159.850   161.471   165.226   170.240
16:58:34.376   159.054   162.481   161.051   165.792   169.270
16:58:34.438   159.577   161.099   160.837   164.727   171.563
16:58:34.485   160.169   159.839   161.683   164.247   169.570
16:58:34.532   159.435   159.147   162.154   164.816   170.180
16:58:34.579   158.564   161.875   162.986   166.337   171.338
16:58:34.627   158.044   160.310   158.903   165.425   168.969
16:58:34.676   156.788   160.954   158.025   164.451   167.892
16:58:34.738   158.621   164.341   162.564   166.454   171.009
16:58:34.787   157.554   159.688   161.153   165.647   169.758
16:58:34.849   158.102   163.126   162.079   167.229   169.461
16:58:34.896   156.480   160.282   159.603   165.589   170.454
16:58:34.946   157.427   160.808   161.013   165.270   169.185
16:58:35.005   156.327   159.810   162.175   165.748   169.450
16:58:35.053   156.413   160.889   161.220   166.107   170.025
16:58:35.101   157.330   161.555   161.569   166.239   169.346
16:58:35.150   156.339   158.058   159.921   164.639   168.543
16:58:35.213   155.926   159.255   158.688   162.537   167.899
16:58:35.262   158.158   160.946   158.988   163.734   169.671
16:58:35.310   158.087   163.256   158.523   164.017   172.518
16:58:35.372   156.194   158.627   160.764   163.018   172.695
16:58:35.421   155.244   161.389   160.046   163.919   171.992
16:58:35.482   156.568   160.667   157.931   164.069   170.012
16:58:35.530   156.959   161.278   157.395   164.996   169.971
16:58:35.578   156.997   161.259   157.991   162.623   169.339
16:58:35.641   156.605   160.673   160.107   161.918   171.543
16:58:35.688   156.268   163.547   158.971   164.596   170.546
16:58:35.735   156.194   162.443   158.613   164.508   170.032
16:58:35.783   154.507   161.085   156.790   164.988   170.960
16:58:35.845   158.216   160.053   157.082   161.588   170.743
16:58:35.895   156.076   163.323   158.708   164.254   171.994
16:58:35.956   157.007   162.622   159.837   164.194   173.244
16:58:36.002   157.474   162.738   159.059   163.313   171.919
16:58:36.048   157.251   161.458   158.379   162.472   169.660
16:58:36.098   158.180   163.794   159.095   163.175   171.623
16:58:36.147   158.133   159.036   157.458   160.200   171.562
16:58:36.208   158.166   161.735   159.316   163.255   170.786
16:58:36.269   159.516   160.879   157.906   162.278   171.625
16:58:36.317   159.841   161.445   158.413   162.842   171.235
16:58:36.380   162.705   160.741   158.903   162.301   171.277
16:58:36.440   160.572   161.821   159.183   163.407   171.434
16:58:36.502   159.028   159.200   160.193   161.237   172.178
16:58:36.550   159.525   161.801   158.100   163.523   169.343
16:58:36.613   160.300   163.153   158.648   164.618   172.389
16:58:36.673   158.857   157.565   159.857   160.975   171.149
16:58:36.723   160.137   161.782   159.016   163.262   171.300
16:58:36.783   160.756   159.824   159.340   161.827   170.088
16:58:36.844   159.968   160.295   159.028   161.661   170.249
16:58:36.895   159.456   159.870   157.974   162.374   169.205
16:58:36.956   159.702   161.173   159.103   162.972   169.632
16:58:37.018   160.309   159.609   158.515   161.859   169.425
16:58:37.066   160.373   158.515   157.778   160.641   169.888
16:58:37.116   161.305   160.748   158.504   161.035   171.768
16:58:37.178   160.650   159.291   159.217   161.059   170.592
16:58:37.227   163.012   159.425   158.689   161.310   170.864
16:58:37.289   158.176   160.483   159.713   161.797   173.116
16:58:37.351   161.018   158.284   158.756   160.684   171.555
16:58:37.399   159.167   158.495   159.609   160.426   171.745
16:58:37.462   160.403   160.905   159.137   160.577   172.033
16:58:37.509   162.124   161.691   157.636   164.312   172.019
16:58:37.558   161.139   162.417   158.975   162.081   171.964
16:58:37.620   158.275   159.806   160.263   162.687   171.749
16:58:37.683   159.335   161.977   156.665   162.968   170.469
16:58:37.731   160.507   159.987   157.988   160.164   170.475
16:58:37.779   161.108   160.334   158.605   162.207   171.135
16:58:37.841   159.700   162.926   159.389   163.058   173.866
16:58:37.889   160.986   161.018   158.828   162.286   172.851
16:58:37.937   159.953   160.320   160.005   161.906   172.281
16:58:37.999   159.642   161.668   158.025   163.662   173.169
16:58:38.047   162.660   161.000   158.869   162.351   172.134
16:58:38.096   156.123   157.570   161.548   164.205   172.250
16:58:38.159   159.978   157.647   154.692   162.373   169.037
16:58:38.207   160.335   162.470   158.239   163.383   172.674
16:58:38.255   159.450   161.942   157.392   161.821   171.995
16:58:38.315   160.164   160.876   158.477   162.098   169.837
16:58:38.363   159.790   159.317   158.072   161.381   172.112
16:58:38.425   159.802   160.137   156.169   159.724   170.404
16:58:38.471   162.338   161.019   159.626   161.665   171.419
16:58:38.519   160.273   162.611   159.362   163.064   174.558
16:58:38.567   159.440   161.686   158.934   162.363   172.527
16:58:38.615   161.133   162.210   158.736   162.245   171.852
16:58:38.662   159.530   160.508   158.098   161.607   171.451
16:58:38.711   158.532   160.677   158.348   162.123   172.075
16:58:38.774   158.706   162.803   158.225   163.243   171.665
16:58:38.835   158.309   160.602   156.787   162.288   170.017
16:58:38.884   159.735   160.369   158.181   162.011   170.610
16:58:38.932   159.463   160.766   159.380   163.312   168.619
16:58:38.995   157.335   159.788   160.896   164.528   168.500
16:58:39.042   157.515   158.059   157.671   160.827   166.742
16:58:39.092   158.907   161.599   160.272   163.792   170.118
16:58:39.152   156.148   163.134   161.692   165.260   168.794
16:58:39.214   156.491   163.597   161.293   164.666   168.892
16:58:39.273   154.774   162.513   159.363   163.104   167.095
16:58:39.320   154.745   162.357   158.914   164.852   168.191
16:58:39.368   155.224   163.343   159.524   164.390   167.322
16:58:39.415   153.897   165.243   159.566   164.256   167.019
16:58:39.477   153.542   164.599   159.421   165.224   168.298
16:58:39.526   156.171   162.605   158.396   164.764   168.743
16:58:39.588   154.836   165.630   160.278   166.932   169.774
16:58:39.634   153.843   162.137   159.334   165.629   168.481
16:58:39.684   156.430   163.173   160.515   166.670   169.192
16:58:39.747   153.780   160.222   158.786   162.916   167.957
16:58:39.798   154.375   161.646   158.207   165.849   170.337
16:58:39.859   155.286   160.189   159.904   162.452   166.996
16:58:39.919   155.888   163.088   160.651   166.425   168.899
16:58:39.968   153.878   159.944   158.662   165.011   168.261
16:58:40.029   154.641   162.270   158.039   165.726   168.048
16:58:40.077   152.324   161.815   159.551   163.624   167.401
16:58:40.127   156.228   157.135   157.047   161.601   168.393
16:58:40.187   152.490   161.553   161.097   165.454   167.340
16:58:40.236   155.223   161.031   159.407   164.041   167.456
16:58:40.298   155.870   161.134   158.935   164.886   168.863
16:58:40.345   155.022   161.717   158.397   166.878   168.901
16:58:40.393   153.308   161.848   160.254   165.139   167.361
16:58:40.456   154.382   160.479   157.403   164.227   170.174
16:58:40.503   153.539   161.453   158.635   165.826   167.682
16:58:40.566   153.992   161.342   160.104   163.668   166.221
16:58:40.629   154.372   161.865   159.731   165.523   168.645
16:58:40.691   153.685   161.634   158.305   165.522   167.758
16:58:40.738   154.287   161.507   159.805   164.319   167.133
16:58:40.786   154.871   161.064   156.402   163.521   169.003
16:58:40.835   156.468   159.966   157.485   162.837   170.256
16:58:40.883   158.004   162.594   156.574   166.436   172.984
16:58:40.938   157.113   160.178   157.050   161.997   170.968
16:58:40.993   158.585   162.367   157.108   167.110   172.161
16:58:41.040   157.904   160.455   157.057   162.615   170.984
16:58:41.088   159.342   163.750   156.660   166.655   172.579
16:58:41.137   158.810   160.863   157.287   163.863   171.499
16:58:41.183   158.116   159.400   156.687   162.366   170.835
16:58:41.232   158.616   160.596   156.733   163.507   171.604
16:58:41.281   157.393   162.203   157.028   164.821   170.490
16:58:41.343   156.762   160.618   156.264   165.484   170.120
16:58:41.391   158.709   158.027   155.753   161.786   170.381
16:58:41.439   157.799   158.019   155.835   162.550   169.978
16:58:41.500   158.185   161.747   155.584   164.133   171.196
16:58:41.549   158.449   159.249   155.923   161.972   169.634
16:58:41.613   158.023   158.906   157.174   160.875   170.466
16:58:41.674   158.748   158.353   155.845   160.963   171.323
16:58:41.722   156.878   161.508   157.143   164.796   171.011
16:58:41.782   157.315   158.384   154.019   162.644   170.067
16:58:41.834   158.488   158.702   156.522   161.437   170.564
16:58:41.895   159.096   160.695   157.341   163.900   172.324
16:58:41.942   157.813   158.503   157.961   162.943   171.324
16:58:41.992   158.428   157.884   155.011   162.975   170.761
16:58:42.055   160.528   162.736   158.133   166.399   171.093
16:58:42.117   158.100   156.959   160.309   162.660   168.544
16:58:42.164   158.723   160.464   157.723   163.431   171.883
16:58:42.212   157.176   161.061   158.020   165.444   170.119
16:58:42.262   158.545   160.112   157.194   164.377   169.932
16:58:42.322   159.013   159.242   158.857   163.254   170.570
16:58:42.371   160.216   160.840   156.822   165.025   170.167
16:58:42.419   158.196   157.803   158.538   162.913   168.034
16:58:42.480   157.333   161.417   157.517   165.870   171.120
16:58:42.529   159.952   160.613   157.533   164.195   170.840
16:58:42.591   158.334   157.606   157.866   163.232   169.432
16:58:42.639   158.457   157.180   158.352   163.237   169.586
16:58:42.687   160.904   158.954   156.574   164.152   169.975
16:58:42.734   159.180   155.319   159.418   162.115   168.109
16:58:42.783   159.451   158.551   157.276   164.569   169.830
16:58:42.846   158.073   159.250   159.597   164.065   170.440
16:58:42.909   159.216   159.021   157.842   164.580   170.025
16:58:42.957   160.278   157.800   160.120   163.557   169.345
16:58:43.005   159.057   156.001   160.812   161.792   169.900
16:58:43.052   159.864   157.086   159.608   162.783   170.672
16:58:43.100   160.492   157.433   157.392   162.107   169.439
16:58:43.162   159.137   157.101   159.437   164.179   168.446
16:58:43.225   158.185   160.253   159.234   164.617   169.177
16:58:43.286   160.093   160.341   159.992   163.678   169.672
16:58:43.335   159.004   157.947   159.231   163.567   168.330
16:58:43.397   161.065   156.557   158.675   163.471   169.276
16:58:43.446   159.163   155.440   159.998   161.412   166.845
16:58:43.508   158.790   158.699   159.212   163.391   168.592
16:58:43.570   160.146   159.594   159.886   164.439   169.733
16:58:43.619   159.348   156.209   159.593   162.040   167.087
16:58:43.679   155.387   156.758   157.561   163.002   168.260
16:58:43.739   156.450   162.334   157.671   165.206   168.182
16:58:43.788   155.574   160.738   159.429   164.714   167.221
16:58:43.850   157.155   156.064   158.344   161.803   165.386
16:58:43.912   155.805   156.489   160.265   163.526   165.562
16:58:43.973   153.129   158.755   158.130   163.507   165.755
16:58:44.022   153.787   158.564   157.925   162.710   165.093
16:58:44.070   156.969   158.477   158.665   161.005   166.492
16:58:44.117   156.054   160.923   159.132   164.972   168.374
16:58:44.165   156.857   160.454   159.078   163.753   167.079
16:58:44.213   157.623   160.849   159.432   164.485   167.276
16:58:44.275   157.336   155.530   157.774   161.599   167.083
16:58:44.323   157.917   159.443   160.790   163.753   165.374
16:58:44.372   157.477   157.348   159.164   162.042   166.717
16:58:44.434   157.529   159.376   160.343   163.846   167.854
16:58:44.484   158.087   158.354   157.786   162.990   166.700
16:58:44.545   158.280   158.392   161.567   163.677   164.272
16:58:44.608   157.605   156.500   157.374   161.740   165.768
16:58:44.656   159.179   153.568   157.378   158.908   164.233
16:58:44.703   158.703   157.136   161.101   162.934   164.839
16:58:44.752   156.341   159.215   158.506   162.599   165.744
16:58:44.811   156.642   157.916   158.352   162.230   166.548
16:58:44.860   157.557   155.931   159.447   161.536   164.207
16:58:44.922   156.756   155.708   158.917   163.176   163.822
16:58:44.970   157.792   158.089   160.069   164.473   165.777
16:58:45.020   159.506   156.358   157.467   162.593   165.221
16:58:45.066   158.135   156.420   159.161   161.760   165.631
16:58:45.116   157.915   159.489   157.689   163.548   166.855
16:58:45.178   158.804   158.224   159.464   164.304   166.486
16:58:45.226   159.755   156.446   155.396   161.252   167.255
16:58:45.288   159.224   155.789   160.005   162.726   168.594
16:58:45.337   159.200   155.188   155.278   159.658   169.526
16:58:45.398   158.397   156.392   155.959   162.312   166.667
16:58:45.459   160.646   157.840   158.115   161.861   167.654
16:58:45.522   157.911   159.934   157.639   163.338   170.660
16:58:45.571   159.171   156.369   157.481   160.635   169.647
16:58:45.632   156.711   157.625   158.897   163.257   168.016
16:58:45.681   157.625   157.033   155.771   161.830   168.442
16:58:45.744   160.883   158.708   153.729   163.725   168.963
16:58:45.792   158.297   155.803   157.101   160.203   169.509
16:58:45.839   160.863   158.040   155.435   161.677   169.247
16:58:45.889   159.501   156.498   156.218   160.527   167.826
16:58:45.948   157.968   158.229   156.259   163.837   167.656
16:58:45.998   159.630   158.647   156.622   162.440   168.230
16:58:46.059   158.619   154.220   158.622   163.326   167.528
16:58:46.107   159.483   158.788   154.695   164.420   168.029
16:58:46.155   158.255   157.940   156.817   162.111   168.965
16:58:46.203   161.010   155.667   156.287   159.848   167.553
16:58:46.250   158.168   158.391   158.145   164.663   167.444
16:58:46.298   160.963   159.624   157.698   163.953   169.163
16:58:46.347   159.144   156.070   158.539   160.800   169.088
16:58:46.409   161.378   155.484   155.650   160.812   166.835
16:58:46.458   160.339   153.717   155.637   160.374   167.615
16:58:46.520   161.238   156.744   155.922   161.270   167.982
16:58:46.568   160.958   155.503   159.223   161.097   166.091
16:58:46.615   160.115   155.293   157.787   159.257   167.664
16:58:46.664   161.017   156.245   157.167   160.620   168.627
16:58:46.711   158.577   157.325   159.026   160.738   168.861
16:58:46.775   159.858   156.696   157.256   161.158   168.625
16:58:46.836   158.133   157.834   159.162   159.900   170.000
16:58:46.898   160.338   154.775   156.551   160.409   167.521
16:58:46.948   159.386   155.819   157.266   161.743   167.558
16:58:47.010   160.804   157.517   155.814   164.324   167.614
16:58:47.072   157.384   156.020   156.039   161.319   166.256
16:58:47.120   161.734   156.746   155.362   161.437   167.133
16:58:47.182   161.019   156.463   158.270   162.021   168.139
16:58:47.231   161.737   155.946   157.990   162.074   168.006
16:58:47.279   159.946   154.601   160.153   164.460   168.609
16:58:47.339   161.209   154.673   156.410   161.163   168.737
16:58:47.401   160.734   153.588   158.178   162.602   168.862
16:58:47.450   161.759   160.385   157.146   163.801   169.459
16:58:47.512   161.083   153.960   160.653   161.523   167.676
16:58:47.561   159.212   154.061   157.887   159.853   167.666
16:58:47.623   161.118   158.373   158.036   163.287   168.330
16:58:47.672   161.589   152.532   157.938   158.452   167.897
16:58:47.731   160.514   157.575   157.598   161.329   168.028
16:58:47.795   159.648   154.997   157.903   159.683   168.049
16:58:47.856   159.732   157.598   157.835   163.973   168.924
16:58:47.905   158.989   157.134   158.200   162.557   169.187
16:58:47.966   159.422   156.287   157.601   159.742   168.148
16:58:48.016   159.699   154.339   158.154   160.581   166.009
16:58:48.064   160.211   154.656   156.924   158.979   165.825
16:58:48.125   161.427   154.502   158.177   160.695   165.209
16:58:48.187   156.216   155.823   157.235   162.778   167.224
16:58:48.234   161.059   157.790   156.725   161.148   166.139
16:58:48.282   160.746   152.428   159.231   159.027   163.745
16:58:48.330   160.406   156.858   157.818   162.534   166.512
16:58:48.392   160.797   153.539   159.243   159.687   164.632
16:58:48.441   161.022   152.200   157.774   160.300   164.396
16:58:48.489   160.560   154.279   157.538   159.025   166.316
16:58:48.535   157.427   155.889   158.192   161.953   165.365
16:58:48.583   159.214   155.927   156.028   161.226   166.815
16:58:48.644   157.871   157.566   159.775   162.004   166.239
16:58:48.692   160.002   157.658   157.616   162.687   168.097
16:58:48.739   158.137   154.498   158.891   160.813   165.594
16:58:48.800   159.126   156.607   155.873   160.879   165.998
16:58:48.851   157.750   157.133   160.166   163.035   167.027
16:58:48.898   160.547   157.765   156.777   161.853   166.161
16:58:48.960   159.255   154.697   159.351   160.933   166.401
16:58:49.011   159.527   157.548   157.689   161.844   166.397
16:58:49.073   159.657   155.914   158.748   160.837   165.396
16:58:49.119   158.184   160.618   159.048   163.764   167.858
16:58:49.182   159.982   157.954   159.300   161.236   167.333
16:58:49.244   158.810   157.373   158.166   160.358   166.215
16:58:49.292   158.175   156.742   158.793   160.211   166.210
16:58:49.355   158.532   158.579   157.313   164.184   167.376
16:58:49.403   157.855   157.459   159.822   162.659   166.904
16:58:49.450   158.231   155.438   157.829   161.742   165.891
16:58:49.498   157.376   156.075   159.113   160.963   167.298
16:58:49.545   158.722   160.728   158.325   163.380   166.509
16:58:49.593   158.949   156.382   158.554   161.154   165.106
16:58:49.643   158.519   156.985   158.626   162.616   165.982
16:58:49.706   159.059   154.791   157.715   160.616   165.924
16:58:49.753   158.288   155.671   159.766   161.444   165.457
16:58:49.801   158.566   153.366   157.359   161.125   165.188
16:58:49.848   158.068   156.253   159.783   162.351   165.672
16:58:49.911   159.236   156.167   156.674   163.084   166.860
16:58:49.960   157.820   155.518   158.147   161.375   166.533
16:58:50.023   158.273   159.443   158.581   163.856   167.226
16:58:50.071   158.358   157.300   157.814   162.280   168.182
16:58:50.119   159.309   158.399   157.144   164.203   170.417
16:58:50.167   156.656   157.490   159.824   162.418   170.156
16:58:50.214   159.562   159.722   155.831   164.531   170.837
16:58:50.262   157.134   158.187   157.594   162.016   168.364
16:58:50.310   159.138   156.832   153.365   162.459   167.806
16:58:50.372   161.994   155.672   158.584   161.685   168.649
16:58:50.421   159.413   157.418   157.279   162.466   168.837
16:58:50.481   160.648   159.468   154.640   162.732   168.835
16:58:50.527   158.051   159.691   156.262   164.555   169.250
16:58:50.579   160.357   155.902   155.571   163.105   167.844
16:58:50.640   159.548   154.558   156.838   160.428   167.642
16:58:50.688   160.918   155.721   155.824   163.544   167.743
16:58:50.737   160.180   158.337   157.833   163.491   167.698
16:58:50.799   157.638   158.064   157.108   164.228   167.358
16:58:50.846   157.840   158.712   154.761   163.955   168.690
16:58:50.907   160.295   158.950   155.862   163.933   168.342
16:58:50.957   159.418   153.972   157.862   158.745   169.062
16:58:51.019   160.461   153.678   155.445   158.424   167.132
16:58:51.082   159.984   155.752   157.246   160.667   168.978
16:58:51.144   159.319   158.496   157.398   162.910   168.130
16:58:51.206   157.079   156.733   156.911   163.671   168.189
16:58:51.255   161.649   158.776   156.673   164.687   168.976
16:58:51.303   160.058   153.168   159.584   162.441   168.263
16:58:51.350   159.261   158.497   156.036   164.650   168.957
16:58:51.396   161.720   156.095   155.827   160.763   167.382
16:58:51.445   158.718   153.270   156.634   160.522   168.887
16:58:51.507   159.224   160.491   155.437   164.384   169.755
16:58:51.554   160.355   154.035   156.423   162.335   167.555
16:58:51.602   160.142   159.305   155.245   165.053   170.223
16:58:51.663   160.464   155.512   158.134   162.582   168.024
16:58:51.711   160.118   154.844   154.895   162.499   168.142
16:58:51.760   160.061   154.845   155.838   162.042   169.580
16:58:51.808   161.219   157.172   155.813   164.272   169.785
16:58:51.868   159.129   158.416   156.669   166.362   170.024
16:58:51.917   157.092   158.236   153.010   163.943   169.260
16:58:51.979   161.372   158.657   157.123   165.766   168.346
16:58:52.026   158.133   158.667   157.593   164.287   168.383
16:58:52.074   159.611   157.521   155.350   164.930   167.640
16:58:52.124   161.044   157.577   157.221   162.940   166.072
16:58:52.185   158.949   155.772   157.514   162.214   166.825
16:58:52.233   160.024   156.953   154.691   162.005   168.289
16:58:52.281   160.739   153.861   157.243   159.711   165.274
16:58:52.329   158.625   153.106   157.157   161.318   165.367
16:58:52.376   158.469   157.155   155.576   162.977   167.915
16:58:52.424   158.528   155.370   158.646   161.796   164.643
16:58:52.473   157.728   155.822   154.870   162.248   166.345
16:58:52.534   160.065   155.718   158.433   161.754   166.029
16:58:52.583   158.534   154.469   159.434   161.655   166.196
16:58:52.630   157.309   155.647   155.467   163.145   166.220
16:58:52.679   159.865   154.527   157.042   160.957   164.729
16:58:52.739   159.969   153.968   156.743   161.538   164.578
16:58:52.786   160.276   154.796   156.311   160.850   166.055
16:58:52.834   160.074   154.323   158.078   161.367   164.885
16:58:52.883   159.340   154.429   155.648   161.176   166.286
16:58:52.946   158.866   153.688   156.641   161.470   165.147
16:58:53.008   156.494   156.214   156.323   162.432   166.014
16:58:53.056   155.684   152.431   154.156   159.342   166.324
16:58:53.117   155.994   152.952   154.387   158.494   164.587
16:58:53.164   155.848   154.869   156.050   160.813   167.098
16:58:53.214   156.288   156.550   155.956   162.630   166.579
16:58:53.276   156.645   152.344   155.624   160.682   165.536
16:58:53.324   157.787   156.091   156.340   162.165   168.345
16:58:53.387   157.656   155.564   157.306   162.615   166.108
16:58:53.449   158.165   155.640   157.422   161.827   165.487
16:58:53.497   157.191   154.435   157.762   162.064   166.006
16:58:53.543   155.578   156.878   154.095   162.052   165.617
16:58:53.593   159.214   151.246   155.649   158.586   165.859
16:58:53.655   158.724   153.649   157.359   160.179   166.281
16:58:53.705   155.926   154.113   155.353   160.102   166.182
16:58:53.766   155.943   156.681   156.236   162.559   166.707
16:58:53.813   156.969   154.372   154.719   160.905   165.714
16:58:53.862   157.231   155.507   158.317   161.443   167.612
16:58:53.924   158.557   153.282   156.532   161.804   166.233
16:58:53.975   157.938   154.504   158.378   160.822   166.512
16:58:54.035   157.777   154.042   155.189   161.986   167.007
16:58:54.095   155.554   154.698   160.112   162.329   167.221
16:58:54.145   157.492   156.586   153.266   161.749   168.171
16:58:54.205   159.316   157.463   154.815   160.606   170.299
16:58:54.253   159.172   157.352   158.593   162.700   169.444
16:58:54.300   157.709   156.915   153.063   160.929   170.121
16:58:54.348   159.204   160.906   155.347   164.771   171.776
16:58:54.397   158.955   155.601   155.008   161.530   169.257
16:58:54.446   160.651   159.364   154.128   162.561   170.566
16:58:54.506   161.563   159.174   158.428   162.004   170.408
16:58:54.569   158.933   156.479   158.700   162.086   169.438
16:58:54.616   159.262   154.661   152.939   160.822   169.370
16:58:54.665   160.643   156.558   156.176   162.853   167.833
16:58:54.711   161.576   154.182   156.914   160.990   168.573
16:58:54.763   159.680   157.225   157.531   162.466   169.132
16:58:54.824   161.834   153.669   154.239   160.672   168.013
16:58:54.871   159.555   152.561   158.497   161.142   167.934
16:58:54.933   160.530   155.271   158.952   162.520   170.989
16:58:54.981   160.252   153.891   156.098   161.072   169.431
16:58:55.030   160.967   155.766   156.710   163.000   170.526
16:58:55.079   162.100   155.404   157.215   162.640   171.648
16:58:55.141   162.262   156.447   154.519   161.657   170.695
16:58:55.189   160.598   155.217   156.036   160.718   171.086
16:58:55.250   162.765   155.509   153.592   161.696   170.177
16:58:55.299   160.948   155.927   155.683   161.936   170.642
16:58:55.377   120.089    99.258   162.709   131.044   116.640
16:58:55.378   162.185   154.931   154.820   160.328   169.614
16:58:55.436   162.620   156.169   155.946   163.206   170.283
16:58:55.488   162.154   156.203   155.953   163.671   171.277
16:58:55.550   161.245   156.900   156.332   163.321   171.583
16:58:55.599   161.838   159.067   155.671   167.760   172.126
16:58:55.663   161.867   156.765   154.568   162.645   171.962
16:58:55.726   160.354   159.127   158.276   168.135   172.956
16:58:55.773   162.587   160.511   156.234   166.605   172.797
16:58:55.822   159.644   159.079   156.963   166.768   172.186
16:58:55.883   159.366   161.044   152.361   163.523   171.361
16:58:55.946   159.101   159.240   156.097   168.699   172.835
16:58:55.993   160.354   159.154   153.391   163.753   172.931
16:58:56.044   156.726   159.545   155.599   165.910   173.465
16:58:56.105   159.599   162.008   153.387   164.294   171.796
16:58:56.169   160.245   158.534   152.558   164.845   170.698
16:58:56.232   159.020   160.273   153.063   164.840   172.176
16:58:56.281   159.429   159.372   153.116   159.930   171.668
16:58:56.328   159.173   161.067   156.261   163.619   173.463
16:58:56.375   160.124   161.223   154.876   163.668   173.764
16:58:56.423   157.748   160.216   154.100   165.004   172.083
16:58:56.485   159.090   156.552   153.501   163.517   170.961
16:58:56.535   158.068   159.952   154.646   159.115   171.747
16:58:56.597   158.190   160.867   154.582   160.541   173.471
16:58:56.647   158.884   163.768   154.839   164.683   174.159
16:58:56.707   159.663   159.048   154.751   161.833   173.490
16:58:56.770   162.304   159.219   152.649   163.762   172.712
16:58:56.817   160.153   159.473   153.395   164.789   172.579
16:58:56.879   160.773   164.788   153.924   165.774   172.630
16:58:56.941   161.494   158.057   155.989   161.488   171.569
16:58:56.990   159.165   158.423   159.433   165.643   174.536
16:58:57.036   160.318   158.441   153.355   161.609   172.465
16:58:57.085   156.450   161.829   154.519   162.195   172.017
16:58:57.151   157.223   162.407   152.808   161.911   171.323
16:58:57.209   158.886   162.996   154.940   166.007   171.751
16:58:57.258   161.165   157.946   158.999   159.654   172.690
16:58:57.307   156.913   157.942   161.535   165.839   174.138
16:58:57.370   162.252   156.865   154.503   160.260   172.591
16:58:57.433   160.730   156.090   156.297   162.153   171.384
16:58:57.493   161.515   158.821   156.200   163.738   173.502
16:58:57.542   158.673   159.159   154.705   164.760   171.921
16:58:57.605   158.278   163.244   153.020   166.967   174.547
16:58:57.667   160.336   159.263   151.785   160.749   172.782
16:58:57.715   159.943   161.923   152.365   164.561   173.903
16:58:57.776   159.508   161.476   154.039   163.022   172.863
16:58:57.836   162.095   163.210   155.756   165.266   175.627
16:58:57.884   163.399   158.192   155.712   165.011   173.250
16:58:57.932   161.949   159.618   158.324   164.452   174.890
16:58:57.993   162.472   158.148   156.892   162.358   173.125
16:58:58.041   159.675   159.069   156.738   166.518   173.639
16:58:58.090   159.646   162.032   157.703   160.363   174.200
16:58:58.152   160.162   158.766   157.961   167.386   171.862
16:58:58.198   163.447   160.164   156.542   163.764   174.879
16:58:58.247   158.066   156.660   159.129   165.217   173.256
16:58:58.294   161.651   157.966   156.566   161.254   172.494
16:58:58.356   159.171   159.632   159.694   166.968   173.869
16:58:58.405   162.238   157.995   157.472   161.789   173.327
16:58:58.465   158.134   157.603   160.287   165.511   171.352
16:58:58.514   163.146   159.566   155.601   162.322   173.292
16:58:58.578   160.617   157.220   159.654   165.279   172.654
16:58:58.639   162.852   158.452   159.464   162.134   172.769
16:58:58.687   158.517   161.107   159.469   167.900   174.264
16:58:58.734   162.797   160.157   156.385   163.558   173.793
16:58:58.781   160.376   159.061   159.976   166.442   172.456
16:58:58.831   162.266   158.692   158.467   161.648   173.580
16:58:58.892   159.922   159.336   159.042   166.637   173.334
