17:00:14.499   173.951   148.475   164.304   158.638   165.722
17:00:14.558   169.670   151.637   163.289   163.797   162.886
17:00:14.615   167.151   152.646   165.447   165.254   165.014
17:00:14.674   167.008   154.500   164.474   164.036   166.719
17:00:14.725   166.709   153.532   166.335   162.855   167.823
17:00:14.789   166.914   155.659   169.302   164.934   165.930
17:00:14.849   166.132   156.601   168.062   165.333   167.543
17:00:14.919   165.237   156.709   167.686   165.843   168.297
17:00:14.977   163.748   158.122   169.357   167.308   170.127
17:00:15.027   163.689   157.071   170.947   166.448   169.927
17:00:15.093   164.757   159.187   168.575   166.328   168.615
17:00:15.162   163.840   157.454   169.955   167.110   168.170
17:00:15.211   165.485   156.394   169.877   164.498   166.239
17:00:15.279   164.607   159.360   168.947   167.733   166.366
17:00:15.349   165.262   157.454   168.831   166.690   167.551
17:00:15.411   167.156   156.929   168.358   162.954   168.937
17:00:15.459   166.844   159.934   165.898   165.792   169.734
17:00:15.532   164.953   156.065   168.116   164.729   167.377
17:00:15.608   164.063   156.317   165.701   164.501   167.895
17:00:15.659   163.939   158.452   164.854   166.521   168.300
17:00:15.725   165.219   158.421   166.243   168.026   167.197
17:00:15.789   163.484   159.707   167.988   167.295   170.980
17:00:15.842   165.343   159.210   167.110   164.598   168.330
17:00:15.911   162.426   159.365   166.361   164.513   171.960
17:00:15.976   159.508   154.670   164.265   161.884   165.821
17:00:16.043   160.738   154.856   161.337   163.878   167.105
17:00:16.111   158.324   155.994   168.358   165.945   169.053
17:00:16.176   159.606   158.671   166.825   171.761   166.964
17:00:16.243   160.433   155.891   169.230   165.054   170.622
17:00:16.311   165.140   153.256   166.009   164.242   170.566
17:00:16.376   161.960   153.244   168.870   164.830   167.692
17:00:16.445   164.459   155.824   169.522   166.798   168.402
17:00:16.515   168.011   163.596   165.763   169.360   171.958
17:00:16.574   166.697   162.477   165.364   165.933   172.061
17:00:16.641   166.014   162.160   163.603   165.721   168.939
17:00:16.692   161.133   156.191   165.459   166.140   166.978
17:00:16.741   158.423   156.831   163.625   166.381   166.858
17:00:16.797   161.942   158.434   165.276   167.261   170.953
17:00:16.849   162.897   157.921   165.467   169.511   170.000
17:00:16.892   162.914   156.417   165.172   164.881   170.150
17:00:16.959   162.626   156.270   165.943   166.366   167.702
17:00:17.013   160.384   157.290   166.548   166.790   170.033
17:00:17.058   162.314   155.066   164.865   167.167   168.073
17:00:17.107   160.732   156.020   164.119   166.708   167.981
17:00:17.159   161.829   158.943   165.553   168.335   170.412
17:00:17.214   161.001   158.496   162.976   163.037   171.149
17:00:17.274   168.548   153.925   166.606   165.905   161.309
17:00:17.274   158.429   155.995   162.704   161.992   170.029
17:00:17.308   158.177   158.375   161.854   164.186   170.146
17:00:17.382   167.385   151.862   160.588   165.688   160.125
17:00:17.382   159.740   157.817   161.432   160.270   169.763
17:00:17.409   155.091   161.495   164.163   166.082   172.178
17:00:17.475   168.323   153.679   162.956   165.852   157.883
17:00:17.475   158.157   159.812   163.199   161.013   170.618
17:00:17.509   158.470   162.877   167.767   166.812   171.689
17:00:17.574   167.667   153.124   164.227   165.348   158.655
17:00:17.574   159.396   160.928   169.051   166.421   170.856
17:00:17.608   159.224   161.730   166.013   165.900   169.748
17:00:17.674   169.489   152.905   163.661   163.698   157.880
17:00:17.674   159.068   161.300   166.322   164.760   169.551
17:00:17.725   157.527   158.707   164.140   164.526   169.379
17:00:17.797   167.268   155.764   163.187   165.796   159.776
17:00:17.797   158.018   157.628   163.338   160.490   168.501
17:00:17.840   158.236   158.889   162.915   163.065   169.893
17:00:17.907   170.859   155.132   163.112   165.670   159.909
17:00:17.915   156.845   157.433   162.078   161.233   169.988
17:00:17.942   154.997   161.397   165.671   163.657   171.759
17:00:18.007   167.232   155.268   161.365   164.195   158.033
17:00:18.015   158.147   159.464   163.847   161.453   171.980
17:00:18.042   155.645   161.913   165.267   163.266   172.485
17:00:18.107   165.455   154.309   164.258   165.714   156.492
17:00:18.115   159.692   160.930   162.136   161.604   172.556
17:00:18.141   159.852   164.876   163.654   162.334   173.474
17:00:18.207   167.158   156.327   162.677   163.936   158.272
17:00:18.207   158.092   160.227   165.659   160.885   171.166
17:00:18.242   157.871   163.193   167.611   163.922   171.203
17:00:18.307   166.973   155.693   157.776   166.259   151.830
17:00:18.315   156.339   160.130   163.058   162.029   170.458
17:00:18.342   157.276   160.179   164.344   163.293   171.717
17:00:18.407   166.468   156.770   161.962   167.314   161.668
17:00:18.415   159.174   164.779   163.327   160.951   171.704
17:00:18.442   157.590   161.298   161.758   159.652   168.419
17:00:18.492   156.622   163.988   161.522   165.240   170.240
17:00:18.541   158.173   164.346   162.272   165.682   172.367
17:00:18.592   161.344   160.514   168.140   167.053   171.317
17:00:18.641   161.523   153.778   171.933   162.126   168.215
17:00:18.692   162.321   154.718   171.441   162.675   172.392
17:00:18.749   162.356   156.865   169.976   164.974   171.369
17:00:18.798   164.224   157.718   168.342   162.597   171.684
17:00:18.859   164.039   156.444   171.059   163.622   170.893
17:00:18.907   164.075   158.135   170.017   161.082   173.284
17:00:18.974   163.376   157.850   174.302   163.992   171.697
17:00:19.025   162.559   155.625   169.711   165.123   169.551
17:00:19.074   161.378   157.790   171.117   164.713   172.294
17:00:19.125   162.881   156.845   171.735   164.538   170.588
17:00:19.191   162.269   161.637   171.778   168.683   171.532
17:00:19.240   162.990   161.609   169.462   167.966   172.104
17:00:19.290   162.049   165.019   172.010   170.890   169.567
17:00:19.342   160.595   167.348   169.875   173.963   169.822
17:00:19.391   160.886   161.819   169.608   169.034   167.253
17:00:19.442   159.429   160.586   172.625   165.993   168.762
17:00:19.491   161.192   161.976   170.175   168.031   167.475
17:00:19.542   158.766   163.496   172.300   167.400   167.719
17:00:19.591   158.797   162.553   170.455   166.774   167.928
17:00:19.642   159.032   159.729   168.564   166.300   167.985
17:00:19.691   158.672   159.458   168.363   165.053   165.574
17:00:19.741   157.959   158.680   170.422   164.083   166.045
17:00:19.797   156.404   157.058   168.931   166.910   166.319
17:00:19.857   154.998   156.523   168.723   164.735   165.062
17:00:19.909   152.382   158.365   170.172   170.005   165.837
17:00:19.957   150.482   158.287   169.956   166.439   165.460
17:00:20.009   148.979   155.316   170.353   167.526   164.670
17:00:20.057   151.047   152.518   168.531   165.218   165.282
17:00:20.108   147.095   155.954   167.233   167.924   168.181
17:00:20.157   147.116   153.232   161.173   163.900   167.664
17:00:20.209   144.994   151.697   164.247   165.286   167.517
17:00:20.258   147.650   151.962   160.861   160.568   166.775
17:00:20.308   143.485   152.593   164.966   163.106   166.061
17:00:20.357   145.578   150.223   159.844   158.726   167.232
17:00:20.409   144.969   154.124   160.651   161.824   168.671
17:00:20.457   144.159   150.684   163.021   162.656   168.081
17:00:20.508   142.452   150.709   161.981   161.375   166.051
17:00:20.557   145.105   150.631   158.929   160.535   165.811
17:00:20.609   141.348   151.611   162.621   161.596   167.731
17:00:20.657   142.254   150.710   156.398   164.370   166.575
17:00:20.709   139.877   149.446   162.221   162.115   166.983
17:00:20.765   141.556   150.840   158.256   163.149   166.944
17:00:20.809   138.980   150.185   159.490   162.477   169.061
17:00:20.875   139.196   152.001   156.921   162.907   165.920
17:00:20.926   140.492   150.752   155.224   164.012   165.799
17:00:20.975   136.694   147.648   159.378   162.823   167.502
17:00:21.026   141.565   149.953   157.838   160.838   167.160
17:00:21.075   146.649   152.696   162.256   155.468   165.539
17:00:21.132   147.359   151.319   159.796   152.361   165.410
17:00:21.175   144.863   149.853   161.624   156.895   169.946
17:00:21.226   145.886   151.314   160.022   155.879   167.120
17:00:21.275   150.596   149.202   160.694   154.970   167.969
17:00:21.326   149.814   148.238   159.034   152.898   167.871
17:00:21.375   154.755   151.059   156.456   154.026   169.223
17:00:21.426   157.086   157.942   157.649   159.273   169.461
17:00:21.475   157.412   160.367   159.695   158.654   169.283
17:00:21.526   155.119   160.429   160.527   157.738   169.057
17:00:21.575   157.645   161.174   157.685   159.487   170.019
17:00:21.626   156.039   159.812   160.331   160.985   170.845
17:00:21.675   158.235   159.002   157.518   159.496   170.332
17:00:21.727   156.657   160.847   163.861   161.584   173.118
17:00:21.781   157.233   160.324   159.158   159.131   172.965
17:00:21.832   156.020   162.419   159.734   161.659   169.385
17:00:21.891   157.957   160.911   158.013   160.126   168.934
17:00:21.942   155.328   160.231   160.509   161.324   170.172
17:00:21.991   158.371   161.556   157.992   160.324   168.468
17:00:22.042   156.711   159.599   163.023   160.524   171.146
17:00:22.091   155.517   161.890   160.954   161.399   171.544
17:00:22.157   158.943   160.952   159.172   159.954   169.020
17:00:22.209   157.440   161.905   162.889   161.855   172.787
17:00:22.257   159.647   156.481   159.875   155.673   171.818
17:00:22.309   157.161   159.535   161.500   159.094   172.652
17:00:22.358   157.129   162.240   157.838   162.733   170.368
17:00:22.409   156.466   161.184   158.968   160.382   169.419
17:00:22.457   157.997   160.931   158.677   161.075   169.787
17:00:22.508   156.097   162.746   159.785   161.429   168.162
17:00:22.557   157.906   159.304   159.134   159.376   168.661
17:00:22.608   156.380   161.619   162.307   163.971   170.647
17:00:22.657   159.258   159.954   159.398   160.180   169.469
17:00:22.709   155.008   161.357   161.281   164.823   169.238
17:00:22.756   158.427   160.961   157.720   161.169   168.283
17:00:22.807   159.807   161.861   163.544   160.064   172.584
17:00:22.857   157.942   161.145   162.985   158.185   172.441
17:00:22.909   158.504   159.489   158.399   160.095   171.415
17:00:22.957   156.264   160.702   160.198   162.317   168.563
17:00:23.009   158.449   160.691   158.001   160.214   170.113
17:00:23.057   156.944   159.648   159.712   161.140   167.624
17:00:23.108   159.475   159.782   159.090   159.265   167.667
17:00:23.157   157.637   161.563   161.342   162.959   168.953
17:00:23.208   159.157   159.833   157.811   159.632   167.523
17:00:23.257   155.652   160.179   161.705   160.195   168.610
17:00:23.309   159.570   159.374   157.733   160.246   169.411
17:00:23.357   156.966   160.096   162.303   159.191   171.710
17:00:23.409   158.554   160.770   157.956   159.683   168.565
17:00:23.457   155.605   158.620   161.609   156.130   166.080
17:00:23.509   158.576   158.726   162.353   156.586   166.853
17:00:23.557   153.798   163.104   165.615   161.633   167.425
17:00:23.608   156.759   160.323   163.529   156.016   168.117
17:00:23.657   155.144   165.513   166.362   160.689   167.800
17:00:23.708   157.351   163.724   163.519   160.325   172.040
17:00:23.756   152.666   160.286   164.212   163.257   171.126
17:00:23.814   158.543   158.367   163.420   161.497   169.305
17:00:23.875   151.964   157.590   164.427   163.492   169.632
17:00:23.929   150.831   155.460   160.330   161.011   168.354
17:00:23.975   150.529   155.634   160.953   161.696   169.525
17:00:24.029   147.886   151.577   161.824   159.943   170.058
17:00:24.075   146.513   152.992   161.352   162.268   168.917
17:00:24.129   147.192   145.838   157.561   157.058   167.784
17:00:24.175   145.323   148.708   159.554   162.654   168.822
17:00:24.229   146.010   144.839   154.659   157.513   167.343
17:00:24.275   144.874   147.773   155.024   161.671   168.577
17:00:24.329   145.983   145.580   153.726   158.543   167.503
17:00:24.375   146.272   147.531   154.196   160.852   168.057
17:00:24.429   145.091   147.052   153.468   161.526   167.542
17:00:24.475   144.032   148.226   152.569   161.230   167.026
17:00:24.529   145.757   146.120   155.032   164.679   168.020
17:00:24.575   145.778   148.735   155.437   163.921   167.506
17:00:24.629   146.993   150.292   154.012   159.983   168.837
17:00:24.675   144.270   148.048   153.977   164.051   170.717
17:00:24.729   141.014   147.088   153.461   163.509   173.041
17:00:24.780   141.458   147.948   155.050   162.165   170.399
17:00:24.832   139.967   145.908   154.666   162.784   173.263
17:00:24.890   141.697   147.574   153.083   159.239   169.280
17:00:24.942   139.870   145.025   154.793   161.253   169.872
17:00:24.990   139.941   145.118   152.972   160.343   169.401
17:00:25.042   139.159   146.552   152.013   161.189   169.151
17:00:25.091   138.241   145.667   152.975   160.525   171.286
17:00:25.142   139.236   146.514   153.737   159.863   167.900
17:00:25.190   141.325   146.011   154.655   160.294   171.458
17:00:25.242   138.212   146.451   152.641   163.694   166.408
17:00:25.290   141.042   148.178   153.571   161.489   175.091
17:00:25.342   144.763   145.368   153.709   160.922   168.393
17:00:25.390   141.105   146.379   154.803   165.771   173.065
17:00:25.442   139.209   142.311   154.615   159.731   170.321
17:00:25.498   144.346   144.853   153.219   155.664   169.322
17:00:25.542   140.734   147.294   153.858   152.302   167.408
17:00:25.598   147.467   147.326   154.498   147.270   164.488
17:00:25.657   148.845   148.740   154.838   144.239   161.966
17:00:25.708   152.832   145.923   153.110   150.365   164.533
17:00:25.756   154.482   150.753   152.627   154.056   167.663
17:00:25.809   156.282   152.349   151.652   153.536   168.386
17:00:25.874   158.202   156.509   151.470   157.163   167.946
17:00:25.924   158.974   156.769   152.501   155.147   166.832
17:00:25.974   159.084   157.350   155.006   155.326   167.113
17:00:26.040   157.718   158.257   155.893   157.249   166.274
17:00:26.091   156.905   157.252   154.309   156.457   166.915
17:00:26.142   156.362   158.801   154.581   157.524   167.670
17:00:26.190   156.493   157.708   155.157   156.893   168.426
17:00:26.242   157.411   159.528   155.123   157.190   167.181
17:00:26.290   157.965   159.039   156.681   156.793   166.625
17:00:26.342   157.334   159.232   154.336   157.552   166.167
17:00:26.390   157.548   157.212   154.444   157.861   168.844
17:00:26.442   158.269   158.480   155.514   156.779   166.840
17:00:26.491   159.082   158.790   156.912   156.417   167.597
17:00:26.557   157.052   158.446   155.676   157.531   167.720
17:00:26.598   156.944   158.732   156.011   156.107   165.091
17:00:26.661   156.634   158.298   154.792   157.657   167.937
17:00:26.707   157.866   160.281   154.729   158.857   167.758
17:00:26.756   155.768   157.445   155.887   156.580   166.891
17:00:26.808   155.798   158.931   152.715   157.946   166.818
17:00:26.865   157.951   158.963   155.018   157.343   166.329
17:00:26.909   158.370   158.139   155.036   156.817   167.691
17:00:26.965   158.951   157.677   153.458   157.363   167.417
17:00:27.009   159.519   158.530   153.151   157.490   167.451
17:00:27.075   158.932   159.930   153.698   158.581   168.496
17:00:27.124   157.639   158.498   153.805   157.776   169.178
17:00:27.175   161.213   158.841   152.778   157.405   165.467
17:00:27.224   159.597   159.740   156.131   159.135   165.324
17:00:27.275   159.016   159.663   151.308   158.721   168.290
17:00:27.324   161.243   160.397   153.036   159.486   164.441
17:00:27.375   160.279   160.112   152.405   158.226   167.132
17:00:27.424   161.670   160.270   153.740   158.139   166.536
17:00:27.475   159.240   161.511   153.845   159.819   168.938
17:00:27.524   156.956   158.831   152.640   159.072   168.066
17:00:27.575   160.980   160.128   152.483   157.979   167.145
17:00:27.624   160.579   159.884   152.684   159.117   166.603
17:00:27.675   158.945   161.031   155.112   159.611   168.811
17:00:27.724   158.206   158.875   151.231   159.780   169.022
17:00:27.780   160.307   158.154   152.625   157.284   167.292
17:00:27.832   159.107   158.981   152.466   158.546   169.216
17:00:27.875   159.187   160.150   152.695   159.221   168.537
17:00:27.932   156.311   161.356   155.908   161.669   169.582
17:00:27.991   160.130   159.879   152.000   159.430   168.600
17:00:28.042   160.651   159.016   154.147   158.711   168.608
17:00:28.091   160.614   160.239   153.041   159.344   168.310
17:00:28.141   158.325   160.790   155.285   160.664   167.898
17:00:28.192   159.059   159.771   151.595   159.327   167.381
17:00:28.249   160.699   157.975   152.582   157.545   167.688
17:00:28.291   161.002   160.163   153.507   159.257   165.787
17:00:28.359   160.227   160.560   155.001   159.236   166.937
17:00:28.407   159.528   160.124   151.148   161.996   168.153
17:00:28.459   158.103   161.102   158.817   161.844   169.128
17:00:28.507   160.831   157.934   153.749   157.852   167.223
17:00:28.559   160.778   159.476   152.523   160.667   167.288
17:00:28.607   160.971   160.389   152.754   161.268   166.606
17:00:28.659   160.003   158.990   152.993   159.729   166.280
17:00:28.707   159.940   158.120   152.584   158.715   167.645
17:00:28.758   159.130   159.661   155.314   162.303   167.089
17:00:28.823   157.951   159.835   153.803   157.866   168.490
17:00:28.874   159.753   160.408   153.446   161.442   166.588
17:00:28.925   160.973   160.147   154.732   159.242   169.394
17:00:28.974   161.211   158.642   153.703   158.146   166.559
17:00:29.025   160.702   161.662   155.086   160.695   168.847
17:00:29.074   160.482   159.592   153.058   159.597   164.968
17:00:29.125   159.177   160.893   152.548   159.219   169.768
17:00:29.189   160.370   160.627   153.883   160.670   167.410
17:00:29.225   159.404   158.678   155.574   157.879   168.683
17:00:29.292   160.094   160.497   153.935   159.511   170.179
17:00:29.341   159.695   159.694   152.938   159.341   167.408
17:00:29.392   158.281   160.644   155.696   162.193   167.929
17:00:29.441   159.344   159.063   152.267   160.234   168.916
17:00:29.491   158.561   159.293   154.508   159.835   166.603
17:00:29.541   160.399   159.947   153.386   160.381   168.408
17:00:29.592   159.269   160.449   154.230   160.342   167.715
17:00:29.641   157.389   159.575   152.461   160.639   167.618
17:00:29.692   159.910   159.973   153.100   159.307   167.669
17:00:29.740   159.410   160.715   154.010   159.436   167.981
17:00:29.796   159.343   158.059   152.077   158.586   168.496
17:00:29.840   157.301   161.449   155.024   161.019   168.292
17:00:29.891   158.382   159.540   152.120   158.820   168.650
17:00:29.940   158.745   159.088   151.556   159.689   168.883
17:00:29.991   160.461   158.061   153.855   157.955   166.947
17:00:30.040   160.528   158.860   154.213   159.093   169.377
17:00:30.090   159.479   159.512   152.018   159.533   168.530
17:00:30.142   158.848   160.212   154.756   160.031   166.560
17:00:30.192   160.923   160.113   153.654   159.515   168.290
17:00:30.258   161.198   156.541   152.098   158.318   166.268
17:00:30.307   155.662   158.877   156.770   160.260   168.748
17:00:30.358   157.689   160.017   151.469   159.967   170.125
17:00:30.407   159.783   157.864   152.653   157.329   167.475
17:00:30.458   160.698   158.972   153.747   158.003   166.126
17:00:30.515   158.700   161.097   154.853   158.451   167.500
17:00:30.558   159.729   160.167   152.184   158.935   167.634
17:00:30.607   156.854   159.978   154.335   159.564   166.962
17:00:30.658   158.945   158.427   151.122   157.841   167.428
17:00:30.707   160.060   159.670   154.670   158.687   167.363
17:00:30.757   158.413   158.808   153.012   156.842   166.983
17:00:30.807   158.334   160.815   151.609   160.871   167.900
17:00:30.858   161.749   158.465   152.298   158.108   166.598
17:00:30.907   162.282   159.220   153.752   159.969   167.567
17:00:30.958   159.494   159.956   153.840   160.735   169.377
17:00:31.007   158.430   159.529   150.650   159.077   168.668
17:00:31.058   159.125   159.564   152.873   158.784   166.567
17:00:31.107   160.622   157.893   152.968   156.641   166.440
17:00:31.157   160.229   160.244   154.315   159.973   167.216
17:00:31.208   158.018   158.847   154.098   155.308   166.354
17:00:31.257   157.679   159.191   159.942   156.376   164.592
17:00:31.309   156.312   160.536   159.820   158.724   165.339
17:00:31.357   157.039   163.046   158.340   159.667   167.861
17:00:31.408   156.956   163.145   158.787   158.977   167.848
17:00:31.457   156.515   161.754   156.532   158.650   168.528
17:00:31.508   157.241   155.588   157.665   155.731   166.530
17:00:31.565   155.350   154.818   155.537   159.457   164.404
17:00:31.609   156.228   151.942   156.185   157.573   168.768
17:00:31.657   154.399   151.885   155.456   161.147   168.068
17:00:31.709   153.052   152.577   157.363   164.354   169.771
17:00:31.757   150.253   151.906   156.164   162.331   170.510
17:00:31.808   149.087   151.923   158.075   161.283   171.556
17:00:31.857   147.932   150.184   156.401   164.248   169.686
17:00:31.909   147.571   150.248   153.977   161.612   166.138
17:00:31.957   146.791   151.412   155.784   162.595   172.047
17:00:32.009   144.934   148.318   152.949   158.245   170.909
17:00:32.057   141.236   144.718   153.283   162.630   169.876
17:00:32.108   144.396   143.383   151.871   160.813   173.103
17:00:32.157   138.943   145.269   152.261   162.546   169.569
17:00:32.209   143.559   146.030   154.119   157.750   175.948
17:00:32.257   138.984   147.017   155.323   164.949   170.166
17:00:32.308   138.951   143.077   154.358   158.395   169.919
17:00:32.357   144.754   142.312   152.567   154.743   172.470
17:00:32.408   139.134   145.580   155.751   161.973   170.245
17:00:32.457   143.398   143.845   155.862   156.174   171.571
17:00:32.508   143.664   141.395   155.699   160.304   174.976
17:00:32.565   142.336   140.569   154.512   160.189   174.703
17:00:32.608   142.383   137.856   153.611   159.197   173.344
17:00:32.657   139.912   141.991   155.771   158.283   172.769
17:00:32.709   142.745   142.385   155.044   156.753   173.741
17:00:32.757   140.464   138.310   152.804   159.420   173.710
17:00:32.808   141.476   141.925   155.171   160.027   172.033
17:00:32.857   143.240   139.982   155.856   157.971   173.611
17:00:32.909   137.499   137.674   153.766   159.052   172.000
17:00:32.957   141.233   140.392   151.948   164.089   167.337
17:00:33.008   144.193   145.160   156.577   158.693   176.298
17:00:33.057   140.740   139.101   155.132   161.172   173.492
17:00:33.108   145.461   140.624   153.627   159.775   171.954
17:00:33.157   141.326   136.495   154.200   162.831   170.639
17:00:33.208   143.012   143.274   156.294   156.245   169.444
17:00:33.257   145.312   141.765   153.640   153.560   170.570
17:00:33.308   141.831   147.074   157.870   151.979   173.936
17:00:33.365   149.968   144.032   153.987   141.833   161.093
17:00:33.424   154.882   146.252   156.332   147.386   164.030
17:00:33.475   156.593   147.741   149.700   153.299   166.923
17:00:33.524   159.308   154.264   151.145   153.313   167.757
17:00:33.575   160.445   159.363   149.838   158.071   170.051
17:00:33.624   158.656   161.326   151.255   159.283   167.713
17:00:33.675   159.871   160.614   150.577   159.046   167.614
17:00:33.724   160.200   160.274   150.679   157.432   168.493
17:00:33.780   159.570   160.944   151.216   159.385   167.967
17:00:33.832   158.145   160.937   153.191   158.850   166.725
17:00:33.875   158.901   160.807   151.245   159.142   168.554
17:00:33.942   159.531   160.878   151.756   159.109   167.502
17:00:33.990   160.216   160.739   152.238   158.836   167.103
17:00:34.042   158.705   160.703   153.249   158.230   168.260
17:00:34.091   159.938   160.336   150.208   159.892   168.928
17:00:34.142   159.481   159.888   152.832   159.020   166.789
17:00:34.191   158.523   161.144   151.033   158.775   166.650
17:00:34.242   159.560   161.422   151.891   159.568   168.109
17:00:34.291   158.393   159.939   152.295   159.109   167.389
17:00:34.342   160.720   159.347   149.562   156.890   168.241
17:00:34.390   159.737   159.120   152.601   156.408   167.400
17:00:34.442   159.223   162.567   151.708   160.793   167.295
17:00:34.491   158.281   160.503   153.760   158.188   168.506
17:00:34.542   159.173   162.352   149.940   160.539   168.218
17:00:34.591   159.537   160.703   152.191   157.652   168.028
17:00:34.642   158.439   161.104   152.455   160.828   166.793
17:00:34.691   159.917   161.386   150.596   159.675   168.310
17:00:34.741   158.859   160.010   152.960   156.520   168.991
17:00:34.797   159.315   159.949   150.750   159.860   169.060
17:00:34.840   159.937   158.431   151.454   155.904   169.504
17:00:34.892   158.636   160.744   152.479   159.484   168.023
17:00:34.941   158.510   162.515   152.330   160.710   167.227
17:00:34.991   158.388   160.791   152.497   159.156   166.965
17:00:35.041   158.974   161.000   150.532   159.741   168.438
17:00:35.092   159.101   161.270   152.311   159.426   168.217
17:00:35.141   159.355   160.461   151.623   159.854   167.427
17:00:35.192   158.757   160.880   152.703   159.329   166.490
17:00:35.241   158.368   162.065   152.460   160.364   168.551
17:00:35.292   159.306   161.035   151.577   158.009   167.747
17:00:35.341   158.457   161.883   152.020   160.912   168.294
17:00:35.392   158.802   160.471   152.047   159.349   168.489
17:00:35.441   160.542   161.766   151.630   160.223   168.646
17:00:35.491   157.247   160.969   152.719   157.943   170.811
17:00:35.549   159.962   159.102   150.061   158.992   168.958
17:00:35.592   159.914   160.031   153.717   157.808   167.415
17:00:35.658   159.469   160.614   152.985   159.970   167.541
17:00:35.711   160.571   161.457   152.639   159.614   168.857
17:00:35.758   160.137   160.132   151.868   158.587   167.483
17:00:35.815   159.738   159.680   152.800   158.335   167.587
17:00:35.874   158.177   159.503   152.233   158.922   166.185
17:00:35.925   158.696   161.199   151.888   160.453   167.558
17:00:35.974   158.968   160.517   151.282   160.148   167.444
17:00:36.025   158.909   161.689   152.187   160.153   167.484
17:00:36.074   160.213   160.785   151.784   159.728   168.149
17:00:36.125   160.910   160.822   152.898   157.738   168.547
17:00:36.174   160.145   160.807   152.372   157.346   168.383
17:00:36.225   159.466   160.692   152.878   160.237   166.781
17:00:36.274   159.179   159.839   151.906   158.204   167.427
17:00:36.325   159.291   159.163   152.430   158.566   166.199
17:00:36.374   160.232   160.887   151.390   160.326   168.322
17:00:36.425   159.613   161.571   151.886   160.068   166.896
17:00:36.474   157.869   161.031   154.930   159.879   167.596
17:00:36.525   160.347   159.994   152.324   159.407   167.431
17:00:36.574   158.540   159.997   153.737   156.806   168.290
17:00:36.625   159.864   161.078   150.324   159.710   168.155
17:00:36.674   159.210   159.642   153.627   157.282   167.388
17:00:36.725   158.866   160.545   151.615   158.894   167.048
17:00:36.781   159.807   159.876   153.056   157.259   167.741
17:00:36.825   158.172   162.680   151.763   161.734   168.280
17:00:36.882   159.457   160.872   151.169   160.083   168.539
17:00:36.940   157.487   158.651   153.104   156.571   165.128
17:00:36.999   156.598   159.339   156.336   156.059   164.839
17:00:37.041   156.900   161.212   156.453   157.676   165.795
17:00:37.092   157.684   159.587   157.593   156.933   166.027
17:00:37.141   157.082   154.694   155.207   154.128   165.458
17:00:37.192   156.960   154.857   155.612   156.197   166.182
17:00:37.249   151.253   154.310   155.880   159.124   172.426
17:00:37.307   147.997   155.371   155.229   161.589   171.851
17:00:37.358   146.464   151.613   155.694   160.471   173.508
17:00:37.413   144.552   153.211   157.566   160.990   169.671
17:00:37.458   147.662   149.946   154.202   157.352   170.117
17:00:37.515   141.907   144.930   154.802   160.166   169.878
17:00:37.558   140.719   142.213   155.596   159.687   172.403
17:00:37.613   143.829   140.993   154.481   156.829   169.206
17:00:37.657   140.677   138.414   157.536   158.606   170.625
17:00:37.713   144.135   139.170   156.964   158.433   167.009
17:00:37.757   143.294   139.483   154.837   154.793   167.774
17:00:37.814   140.675   133.885   155.796   156.198   167.614
17:00:37.857   141.383   137.621   152.844   152.050   168.226
17:00:37.914   140.085   137.925   153.352   155.643   162.576
17:00:37.957   140.946   138.858   150.406   150.335   169.135
17:00:38.014   142.285   136.624   155.082   156.666   165.611
17:00:38.057   144.203   140.234   147.571   155.628   164.592
17:00:38.108   141.113   139.915   150.881   154.299   165.152
17:00:38.157   145.453   140.347   147.897   153.231   171.607
17:00:38.209   141.723   133.331   153.081   156.045   165.772
17:00:38.257   139.140   138.521   148.891   150.469   164.332
17:00:38.314   139.039   134.047   150.830   157.368   162.346
17:00:38.357   136.448   136.918   152.067   152.994   163.582
17:00:38.409   139.458   133.048   152.809   154.541   165.295
17:00:38.457   137.097   136.177   152.511   147.450   166.771
17:00:38.514   137.652   129.548   153.630   151.421   164.942
17:00:38.557   134.576   135.412   152.030   150.714   161.971
17:00:38.614   140.305   127.592   151.642   152.362   166.885
17:00:38.657   136.132   134.807   151.059   153.115   163.469
17:00:38.714   138.310   133.787   149.989   150.701   165.644
17:00:38.757   138.176   131.343   153.458   150.496   163.692
17:00:38.823   143.026   137.110   150.448   148.278   161.422
17:00:38.875   136.255   127.761   154.455   148.277   161.973
17:00:38.924   142.193   139.793   147.829   153.064   164.469
17:00:38.975   137.409   132.239   154.589   150.013   162.686
17:00:39.031   141.506   134.117   151.470   149.536   162.321
17:00:39.075   148.186   140.237   152.705   146.268   165.011
17:00:39.124   145.400   145.344   154.249   148.403   165.111
17:00:39.175   152.746   146.904   151.078   148.038   165.877
17:00:39.224   159.408   151.625   149.402   152.363   164.836
17:00:39.275   160.020   157.140   148.674   154.402   166.175
17:00:39.324   158.254   160.152   152.428   156.507   165.899
17:00:39.375   158.662   160.340   150.723   158.384   167.634
17:00:39.424   160.046   159.261   149.331   155.878   165.924
17:00:39.475   156.696   159.848   153.260   156.539   166.615
17:00:39.524   158.275   159.574   150.896   157.565   168.169
17:00:39.574   158.759   159.098   148.879   156.806   166.034
17:00:39.625   158.095   158.962   151.721   156.974   165.242
17:00:39.674   157.037   159.379   151.550   158.125   167.383
17:00:39.725   157.934   159.916   150.125   159.098   166.812
17:00:39.781   158.291   159.625   151.599   157.499   166.705
17:00:39.825   159.252   158.876   150.395   156.663   166.510
17:00:39.890   157.502   159.730   150.203   157.458   167.538
17:00:39.942   159.470   159.872   151.348   157.468   167.238
17:00:39.990   159.503   158.749   151.766   153.882   165.865
17:00:40.042   157.926   160.034   150.934   158.217   168.375
17:00:40.091   157.383   159.189   151.206   157.975   167.538
17:00:40.142   157.632   159.695   150.117   157.164   167.863
17:00:40.191   157.612   160.701   150.920   158.077   168.864
17:00:40.242   155.707   160.143   151.868   159.213   166.126
17:00:40.291   158.954   159.619   151.072   158.116   168.249
17:00:40.342   159.598   157.963   151.093   155.328   165.489
17:00:40.390   156.495   160.190   151.617   158.120   168.454
17:00:40.441   158.276   159.114   150.881   156.077   167.899
17:00:40.491   157.118   158.243   150.807   156.301   166.933
17:00:40.542   156.544   160.373   151.234   157.990   168.484
17:00:40.591   157.400   159.403   151.059   157.570   166.912
17:00:40.642   157.635   157.525   149.298   156.176   166.186
17:00:40.690   156.964   157.939   150.128   156.516   167.855
17:00:40.741   156.779   159.570   149.896   157.814   166.513
17:00:40.791   156.447   159.666   149.925   158.050   166.809
17:00:40.841   156.961   158.178   150.259   157.414   166.372
17:00:40.891   156.349   159.036   151.432   157.531   167.379
17:00:40.940   156.135   160.052   150.782   158.685   167.078
17:00:40.992   156.819   158.920   150.412   158.423   167.560
17:00:41.041   156.299   159.111   150.364   157.965   167.714
17:00:41.091   155.495   160.556   150.436   159.949   167.622
17:00:41.140   157.303   158.523   149.874   156.854   169.521
17:00:41.192   156.968   159.877   149.645   157.737   168.064
17:00:41.240   156.524   158.401   149.796   158.013   167.507
17:00:41.292   155.940   158.924   149.526   159.508   167.460
17:00:41.340   155.799   158.152   149.952   158.333   166.859
17:00:41.392   155.055   159.305   149.871   158.236   166.731
17:00:41.440   155.521   159.332   149.535   156.840   167.978
17:00:41.492   156.457   158.716   151.735   153.760   166.525
17:00:41.540   156.093   153.518   154.847   155.501   165.881
17:00:41.591   154.335   153.464   153.513   152.826   166.295
17:00:41.641   159.356   148.359   152.455   151.742   167.944
17:00:41.708   152.561   150.593   155.375   155.186   168.350
17:00:41.756   151.869   154.838   154.815   154.707   167.657
17:00:41.808   150.277   153.383   153.992   156.526   168.361
17:00:41.865   149.377   150.864   156.446   155.893   166.266
17:00:41.908   151.037   152.105   155.702   153.913   170.325
17:00:41.975   144.175   149.731   156.287   155.525   170.088
17:00:42.025   145.952   152.540   154.590   154.865   173.454
17:00:42.075   142.949   149.111   155.028   155.585   168.962
17:00:42.125   138.657   150.076   153.106   155.459   167.137
17:00:42.175   140.471   148.521   152.780   153.283   167.588
17:00:42.225   137.777   147.676   152.435   155.079   169.675
17:00:42.275   135.350   145.505   154.393   152.557   166.271
17:00:42.325   143.107   142.651   154.250   152.912   161.765
17:00:42.375   132.861   148.973   166.417   158.789   165.880
17:00:42.426   132.492   144.997   172.192   153.159   151.979
17:00:42.475   132.751   143.480   161.090   159.595   156.428
17:00:42.526   129.652   146.421   172.904   159.974   160.462
17:00:42.575   131.870   141.095   158.593   161.136   155.809
17:00:42.626   138.127   142.456   149.691   156.332   157.162
17:00:42.675   131.146   153.191   167.084   157.751   148.588
17:00:42.726   136.736   148.081   175.290   158.277   146.423
17:00:42.772   136.339   149.494   169.194   163.485   152.507
17:00:42.826   142.242   141.825   146.714   155.474   156.530
17:00:42.875   131.725   152.090   174.048   163.050   156.142
17:00:42.926   128.112   151.026   166.509   162.692   151.196
17:00:42.991   134.640   147.968   161.477   160.556   152.150
17:00:43.041   149.579   143.707   145.128   162.425   152.950
17:00:43.091   131.667   148.152   168.394   159.212   148.561
17:00:43.142   145.430   143.817   153.077   162.842   142.009
17:00:43.190   130.520   140.297   159.448   158.563   155.378
17:00:43.242   143.333   138.904   146.277   163.926   152.061
17:00:43.290   139.709   140.457   141.298   156.903   160.303
17:00:43.341   141.726   138.575   150.141   156.899   163.202
17:00:43.391   144.650   138.345   141.944   159.152   165.524
17:00:43.442   142.348   132.663   152.313   160.740   166.625
17:00:43.491   135.830   138.214   153.702   155.596   166.326
17:00:43.541   141.438   134.889   152.107   155.294   159.739
17:00:43.590   147.139   132.323   143.797   148.062   157.922
17:00:43.640   139.630   137.930   147.100   152.905   157.105
17:00:43.691   140.993   143.170   147.207   154.952   158.164
17:00:43.740   148.387   138.244   141.888   151.209   163.296
17:00:43.797   150.202   140.518   145.002   146.162   163.802
17:00:43.848   152.135   146.671   143.726   151.998   157.110
17:00:43.892   154.190   151.298   146.223   151.879   161.260
17:00:43.948   152.638   155.581   147.649   153.987   164.138
17:00:44.012   157.507   156.298   145.917   156.412   165.696
17:00:44.058   157.721   158.526   146.950   155.577   167.125
17:00:44.107   157.869   155.817   148.163   152.692   169.302
17:00:44.163   157.968   158.670   148.225   155.429   166.888
17:00:44.215   158.558   158.258   147.676   155.113   167.346
17:00:44.274   157.287   159.643   149.363   156.600   165.753
17:00:44.325   156.156   161.012   150.081   155.951   166.559
17:00:44.374   158.121   158.059   149.756   155.156   166.497
17:00:44.425   158.897   159.602   152.211   154.793   166.408
17:00:44.474   157.727   159.446   153.372   155.247   166.070
17:00:44.525   158.001   157.104   150.029   153.730   166.138
17:00:44.582   158.412   157.925   152.633   154.548   165.514
17:00:44.632   157.907   158.793   150.942   154.815   167.193
17:00:44.681   158.644   154.962   150.396   153.110   166.935
17:00:44.732   160.385   156.822   152.104   153.544   168.277
17:00:44.788   161.796   157.038   151.313   154.050   167.466
17:00:44.832   161.195   157.810   152.040   153.791   166.970
17:00:44.882   160.225   156.789   151.927   153.606   166.415
17:00:44.932   157.678   159.113   152.060   154.591   167.857
17:00:44.982   159.476   156.493   151.354   153.239   167.467
17:00:45.032   160.625   155.330   151.744   152.652   168.818
17:00:45.082   160.858   156.040   151.815   153.302   167.155
17:00:45.133   160.541   157.350   153.616   153.783   168.664
17:00:45.191   158.987   157.710   152.991   153.484   166.444
17:00:45.240   159.349   156.613   153.416   153.942   167.412
17:00:45.292   159.848   155.600   154.250   153.484   166.111
17:00:45.340   159.308   155.081   153.204   152.587   165.353
17:00:45.392   159.152   153.938   152.826   152.793   164.948
17:00:45.440   158.593   156.655   154.774   153.677   166.052
17:00:45.491   157.436   155.972   151.633   153.316   167.297
17:00:45.540   157.086   157.961   154.449   154.264   167.359
17:00:45.591   157.805   156.765   153.305   153.580   167.866
17:00:45.640   158.324   156.039   154.069   152.287   166.269
17:00:45.691   158.409   155.719   153.664   151.567   167.255
17:00:45.742   158.714   155.586   153.632   152.085   166.518
17:00:45.796   159.085   154.505   153.949   151.373   166.586
17:00:45.856   159.452   154.786   153.056   150.995   167.153
17:00:45.892   158.918   154.096   153.475   149.810   165.167
17:00:45.957   158.105   156.043   153.525   153.151   166.159
17:00:46.007   157.996   156.928   152.941   151.206   165.890
17:00:46.058   159.586   155.713   152.899   151.455   164.839
17:00:46.107   159.944   155.828   154.003   153.324   165.673
17:00:46.158   158.199   156.775   154.284   153.280   164.910
17:00:46.207   156.512   157.742   154.674   153.804   163.844
17:00:46.273   156.847   156.898   153.094   153.690   165.847
17:00:46.315   158.185   155.363   153.508   153.948   166.325
17:00:46.358   157.234   156.898   152.986   154.284   165.465
17:00:46.415   156.511   154.472   154.524   153.731   165.964
17:00:46.458   153.859   155.240   154.070   153.812   164.906
17:00:46.515   153.086   153.923   152.963   154.843   164.684
17:00:46.573   153.299   155.862   153.889   156.034   166.340
17:00:46.625   153.280   154.172   154.011   154.576   165.661
17:00:46.673   154.155   155.410   152.198   154.562   166.046
17:00:46.725   154.662   155.235   153.724   153.627   166.392
17:00:46.772   154.737   155.744   153.978   154.712   166.047
17:00:46.823   153.113   155.794   152.482   154.974   164.972
17:00:46.875   155.183   154.025   152.226   154.021   165.483
17:00:46.924   156.402   155.750   151.632   153.136   164.998
17:00:46.975   156.793   155.119   154.968   151.510   162.467
17:00:47.024   155.821   155.711   152.765   154.104   163.840
17:00:47.075   155.204   156.505   152.641   153.521   163.209
17:00:47.124   155.209   155.833   152.032   153.714   163.324
17:00:47.175   158.561   152.993   153.697   151.278   163.891
17:00:47.224   154.857   157.191   150.529   153.838   163.394
17:00:47.275   157.605   153.363   151.364   151.684   163.112
17:00:47.324   160.106   155.545   155.233   150.649   161.897
17:00:47.375   159.974   153.993   155.809   150.662   161.890
17:00:47.424   159.775   155.962   155.018   152.488   160.839
17:00:47.475   160.176   155.647   154.167   152.588   162.332
17:00:47.546   158.553   156.774   155.261   153.689   162.046
17:00:47.591   160.124   154.318   153.902   152.894   163.258
17:00:47.641   159.711   152.942   154.358   155.232   161.284
17:00:47.691   159.645   151.219   152.736   153.992   161.397
17:00:47.741   161.839   149.044   151.853   151.052   158.963
17:00:47.796   157.182   149.094   151.631   150.376   161.125
17:00:47.841   152.324   148.719   152.895   151.704   159.620
17:00:47.898   145.765   149.493   153.646   151.888   164.725
17:00:47.941   143.141   148.089   153.587   151.171   161.983
17:00:47.991   137.578   142.936   150.986   150.882   163.009
17:00:48.041   138.865   143.361   150.340   154.324   162.395
17:00:48.091   139.065   142.618   148.581   154.382   162.960
17:00:48.141   137.526   140.389   147.793   151.991   162.993
17:00:48.191   137.771   141.768   147.284   153.385   163.821
17:00:48.242   137.196   141.982   146.755   154.640   162.814
17:00:48.290   138.759   139.869   147.161   153.088   164.267
17:00:48.341   139.933   143.078   151.822   155.490   165.996
17:00:48.390   143.176   146.273   151.830   155.716   163.038
17:00:48.441   141.642   144.881   150.317   156.082   166.434
17:00:48.498   141.013   143.765   153.246   153.742   167.651
17:00:48.541   140.920   142.739   152.374   154.736   167.634
17:00:48.598   140.666   144.196   151.839   152.995   164.687
17:00:48.642   141.666   146.075   153.130   153.097   165.293
17:00:48.698   141.267   145.259   153.694   152.853   165.804
17:00:48.748   139.403   144.654   151.817   155.356   167.373
17:00:48.804   138.905   145.904   152.916   157.086   167.544
17:00:48.841   138.903   145.713   153.539   156.868   165.772
17:00:48.898   138.951   143.412   152.902   154.470   165.839
17:00:48.957   143.187   144.940   153.434   156.230   164.152
17:00:49.008   141.734   145.468   152.594   154.627   164.299
17:00:49.057   143.250   145.640   153.475   155.608   164.956
17:00:49.108   141.124   147.611   152.747   157.114   165.511
17:00:49.157   139.302   147.881   152.008   157.037   168.101
17:00:49.208   139.545   146.667   150.386   155.465   163.816
17:00:49.265   141.118   147.779   150.573   156.349   168.293
17:00:49.308   145.657   148.460   152.708   157.194   163.673
17:00:49.357   146.459   141.992   149.590   150.004   161.957
17:00:49.408   143.371   140.569   150.139   144.668   162.823
17:00:49.457   142.373   144.050   149.842   143.863   163.136
17:00:49.508   148.658   143.297   148.442   146.076   163.572
17:00:49.557   152.241   145.398   145.876   146.594   161.323
17:00:49.608   152.065   149.813   149.083   152.300   163.611
17:00:49.665   154.689   150.408   148.039   150.539   160.993
17:00:49.708   157.411   153.895   147.135   154.095   164.704
17:00:49.757   156.771   155.106   147.856   152.769   165.457
17:00:49.809   158.439   153.066   148.299   152.817   165.638
17:00:49.865   159.772   151.765   148.388   152.344   166.691
17:00:49.908   159.789   155.645   148.966   153.662   167.340
17:00:49.975   160.015   154.058   148.344   152.875   166.384
17:00:50.024   159.881   152.864   147.803   153.040   165.305
17:00:50.075   159.452   155.059   147.656   153.456   165.947
17:00:50.132   158.736   154.747   147.890   153.580   164.952
17:00:50.175   158.860   154.171   149.558   153.310   166.966
17:00:50.224   156.753   154.327   148.859   150.843   165.860
17:00:50.275   158.265   154.768   150.029   153.000   167.166
17:00:50.324   159.146   155.001   148.973   153.116   165.814
17:00:50.375   159.798   153.958   150.550   150.487   166.368
17:00:50.424   157.080   154.462   149.155   151.935   166.964
17:00:50.475   160.296   155.657   148.987   153.938   166.511
17:00:50.524   159.011   154.590   149.755   151.860   165.853
17:00:50.575   159.174   153.821   149.126   151.902   165.593
17:00:50.631   159.167   154.858   149.633   154.704   165.937
17:00:50.673   159.024   155.497   150.834   153.117   167.860
17:00:50.725   156.721   155.015   148.983   152.918   165.162
17:00:50.781   158.971   154.401   149.394   153.103   167.340
17:00:50.825   160.756   154.522   150.914   153.314   166.607
17:00:50.890   159.860   154.775   152.016   153.237   168.423
17:00:50.948   157.699   153.233   149.190   150.168   164.498
17:00:50.992   159.933   154.866   150.061   153.772   166.165
17:00:51.049   158.640   155.968   149.875   154.429   165.958
17:00:51.092   158.896   154.679   150.416   153.270   166.021
17:00:51.158   159.212   155.675   150.122   154.261   166.166
17:00:51.215   158.998   152.986   150.367   151.752   166.156
17:00:51.258   158.224   152.516   149.554   150.481   165.210
17:00:51.307   159.182   153.999   150.798   152.159   165.499
17:00:51.358   159.929   154.998   151.074   153.257   167.185
17:00:51.407   159.063   153.477   150.684   151.729   164.792
17:00:51.458   156.499   152.191   148.941   150.230   164.442
17:00:51.507   159.228   153.298   150.319   150.799   166.011
17:00:51.558   156.223   153.485   149.885   150.915   163.819
17:00:51.607   158.704   153.153   149.498   150.394   165.321
17:00:51.658   159.084   153.044   150.201   151.063   165.195
17:00:51.715   157.264   152.246   150.554   151.045   166.088
17:00:51.757   157.965   154.724   150.091   150.911   164.717
17:00:51.808   158.865   153.476   150.445   150.879   164.287
17:00:51.857   157.398   152.570   149.527   150.146   166.233
17:00:51.907   157.895   153.115   149.708   150.388   165.556
17:00:51.958   156.692   153.306   149.077   150.728   164.611
17:00:52.007   159.435   152.763   149.950   149.830   165.799
17:00:52.058   157.161   153.474   149.001   150.391   165.273
17:00:52.107   160.422   153.113   150.226   150.372   164.149
17:00:52.158   157.689   153.033   151.371   150.225   161.817
17:00:52.207   158.492   150.849   153.269   147.745   158.803
17:00:52.258   157.200   152.040   152.324   149.992   162.303
17:00:52.307   156.943   153.019   152.108   150.687   162.528
17:00:52.358   155.173   150.675   152.671   150.385   162.644
17:00:52.407   155.875   149.361   152.731   153.072   161.423
17:00:52.458   150.354   151.097   151.990   155.354   162.516
17:00:52.507   149.789   149.847   153.446   154.586   163.239
17:00:52.558   146.198   150.825   150.510   159.793   166.856
17:00:52.607   147.350   150.027   151.371   160.263   167.962
17:00:52.658   142.415   148.896   150.042   158.414   165.786
17:00:52.707   139.176   147.920   150.743   158.979   168.421
17:00:52.757   137.499   149.100   150.627   160.307   163.661
17:00:52.807   142.001   140.623   148.671   153.889   160.417
17:00:52.858   138.091   144.776   151.278   157.341   163.770
17:00:52.907   133.747   147.095   153.709   154.926   162.170
17:00:52.958   138.564   145.253   150.041   161.561   162.518
17:00:53.007   133.822   142.747   148.775   156.506   165.736
17:00:53.059   133.810   147.455   145.844   159.836   155.351
17:00:53.115   151.594   146.936   140.825   160.426   157.933
17:00:53.158   153.306   146.369   148.139   161.019   161.816
17:00:53.215   152.859   142.960   137.796   160.345   160.891
17:00:53.273   140.742   145.908   147.836   159.468   162.150
17:00:53.325   146.324   144.725   142.095   160.097   157.752
17:00:53.373   155.209   145.372   131.068   158.398   156.894
17:00:53.425   159.303   147.342   129.282   160.015   142.645
17:00:53.474   132.200   152.051   173.929   169.407   153.383
17:00:53.525   147.450   152.106   145.893   164.923   158.183
17:00:53.574   152.369   146.940   119.762   151.221   147.509
17:00:53.625   151.774   145.759   143.343   162.128   154.689
17:00:53.674   150.065   146.299   139.303   160.898   153.267
17:00:53.725   150.658   147.412   142.017   164.013   159.227
17:00:53.780   160.458   149.022   139.717   159.529   150.270
17:00:53.824   144.422   144.509   156.308   167.506   142.335
17:00:53.874   148.998   151.257   144.362   156.142   153.111
17:00:53.923   147.413   144.508   135.344   159.724   152.924
17:00:53.975   129.253   156.802   162.327   166.348   151.912
17:00:54.024   147.477   148.901   147.054   162.683   155.004
17:00:54.075   138.212   149.122   169.529   172.011   150.337
17:00:54.131   135.892   146.778   147.982   168.590   167.242
17:00:54.175   146.727   145.330   143.983   160.523   150.640
17:00:54.224   156.075   145.126   153.848   155.545   161.610
17:00:54.275   138.482   142.287   145.307   157.979   164.497
17:00:54.324   141.297   136.037   146.420   149.860   162.649
17:00:54.375   139.572   145.581   150.074   151.195   162.727
17:00:54.424   145.774   139.641   146.002   145.634   159.745
17:00:54.475   143.499   142.148   146.574   147.307   163.513
17:00:54.524   149.676   142.224   147.279   147.767   161.357
17:00:54.575   151.527   146.339   146.529   151.727   162.730
17:00:54.624   153.699   151.629   144.482   152.608   157.646
17:00:54.675   155.431   155.847   147.256   153.425   160.271
17:00:54.724   156.747   158.685   151.324   154.310   164.611
17:00:54.780   154.907   156.684   150.530   155.543   164.733
17:00:54.824   154.417   156.567   152.587   155.326   165.500
17:00:54.875   156.197   155.700   150.107   155.543   166.697
17:00:54.924   156.647   157.254   152.147   157.254   166.984
17:00:54.974   156.655   158.445   150.494   156.258   167.284
17:00:55.024   156.176   158.174   149.954   157.311   167.912
17:00:55.075   154.877   157.770   151.144   157.798   167.935
17:00:55.123   154.176   158.972   150.815   158.991   166.525
17:00:55.175   156.527   158.819   151.705   157.598   170.020
17:00:55.224   158.383   161.092   149.381   159.625   168.573
17:00:55.275   156.449   159.790   150.271   158.842   168.685
17:00:55.323   157.603   162.333   149.334   162.026   170.531
17:00:55.375   158.274   161.408   149.272   160.556   170.787
17:00:55.424   158.488   162.900   150.768   160.030   170.867
17:00:55.474   157.443   162.365   152.892   160.077   171.706
17:00:55.524   158.596   160.079   153.280   156.685   170.846
17:00:55.576   158.453   161.376   153.855   156.802   171.492
17:00:55.624   158.393   160.498   153.437   160.285   172.369
17:00:55.675   160.468   162.640   153.808   162.345   171.978
17:00:55.724   160.894   161.007   156.385   159.568   171.831
17:00:55.780   155.304   160.160   156.838   157.392   172.382
17:00:55.832   158.686   163.599   153.701   159.998   173.015
17:00:55.890   158.755   162.853   155.531   160.463   172.142
17:00:55.941   158.716   164.289   156.233   163.070   173.380
17:00:55.990   158.130   162.539   156.198   160.522   172.146
17:00:56.042   158.568   162.648   158.165   162.094   173.466
17:00:56.090   157.747   163.699   156.353   164.109   173.945
17:00:56.141   158.287   163.507   157.220   163.276   174.239
17:00:56.190   158.431   163.052   155.231   162.241   175.362
17:00:56.242   158.381   162.832   157.286   159.461   174.222
17:00:56.290   159.475   163.179   155.991   161.657   174.284
17:00:56.340   158.283   165.463   154.934   160.916   174.859
17:00:56.391   156.817   163.876   152.560   160.371   173.372
17:00:56.458   158.986   163.814   153.849   161.620   177.136
17:00:56.507   158.202   165.850   155.006   163.556   174.559
17:00:56.558   157.391   163.347   155.134   162.066   172.722
17:00:56.607   157.476   163.922   153.797   160.398   172.443
17:00:56.658   156.474   164.102   154.140   163.572   171.618
17:00:56.707   157.879   160.030   152.718   158.532   173.472
17:00:56.765   156.976   163.185   154.861   162.771   170.925
17:00:56.815   158.203   163.555   152.921   164.246   173.864
17:00:56.874   155.057   162.021   154.005   163.104   173.111
17:00:56.915   156.091   164.487   153.025   162.940   173.387
17:00:56.959   156.149   161.030   152.587   159.390   174.904
17:00:57.026   155.327   161.190   151.795   158.678   173.623
17:00:57.081   156.176   163.438   153.626   163.567   173.400
17:00:57.125   154.559   163.261   151.478   162.866   172.101
17:00:57.176   155.236   166.447   151.843   166.355   173.332
17:00:57.226   158.802   162.263   151.607   159.680   172.071
17:00:57.275   157.088   163.303   150.615   160.509   172.758
17:00:57.326   158.137   160.237   151.354   158.435   173.684
17:00:57.381   159.221   164.569   153.098   162.876   175.673
17:00:57.424   157.809   162.207   151.217   160.141   174.583
17:00:57.481   158.570   162.859   151.434   161.632   174.939
17:00:57.526   155.294   164.835   153.884   161.601   175.541
17:00:57.581   156.048   162.715   150.957   162.768   173.859
17:00:57.624   159.600   162.655   152.021   160.259   174.553
17:00:57.681   158.766   164.022   152.221   161.409   175.850
17:00:57.725   157.693   164.048   152.093   161.292   174.583
17:00:57.781   159.097   163.819   153.620   158.865   173.180
17:00:57.848   157.204   162.709   155.101   160.688   175.651
17:00:57.893   157.548   163.770   154.445   162.260   175.679
17:00:57.943   156.685   164.019   153.426   161.753   174.679
17:00:58.011   158.331   162.998   153.611   161.271   174.714
17:00:58.065   157.966   162.940   153.092   160.855   175.111
17:00:58.108   159.113   163.884   153.169   160.288   174.381
17:00:58.165   157.305   165.714   152.956   163.379   175.702
17:00:58.208   157.286   163.945   154.703   165.586   174.689
17:00:58.257   158.676   163.468   153.392   162.623   173.886
17:00:58.307   156.956   163.564   154.853   161.673   173.077
17:00:58.358   160.197   162.366   151.728   161.044   174.054
17:00:58.408   158.841   159.852   151.993   158.817   172.402
17:00:58.457   160.717   161.995   152.859   158.729   171.736
17:00:58.508   158.367   162.176   152.459   160.153   172.950
