16:51:54.932   178.986   172.630   159.010   176.878   167.521
16:51:55.035   165.153   157.388   154.126   171.167   171.619
16:51:55.098   164.739   162.607   156.073   168.326   170.829
16:51:55.157   164.313   165.014   156.367   171.098   171.725
16:51:55.221   166.447   175.115   162.296   178.404   175.492
16:51:55.223   165.306   167.334   155.148   173.102   171.743
16:51:55.262   163.189   167.370   154.028   172.982   172.953
16:51:55.318   164.440   167.751   156.429   175.048   171.704
16:51:55.378   165.220   166.292   155.788   174.679   172.681
16:51:55.459   172.317   163.006   156.283   166.465   175.053
16:51:55.461   163.911   166.062   156.197   175.289   172.511
16:51:55.501   162.552   165.486   155.354   174.471   173.066
16:51:55.553   162.967   166.324   155.148   174.674   171.900
16:51:55.603   162.015   168.128   153.740   175.261   173.529
16:51:55.670   163.746   166.376   156.229   174.822   172.539
16:51:55.744   167.837   165.869   155.441   172.778   162.484
16:51:55.745   162.328   165.320   156.054   175.289   172.638
16:51:55.785   161.757   165.752   155.803   175.829   173.499
16:51:55.855   169.234   165.041   153.648   173.211   164.266
16:51:55.856   161.226   165.324   155.569   173.646   172.377
16:51:55.894   160.841   165.148   154.740   173.680   172.657
16:51:55.964   170.649   166.851   159.626   169.504   166.406
16:51:55.965   161.383   165.531   153.006   174.199   172.393
16:51:56.005   161.416   165.212   154.643   173.275   172.080
16:51:56.075   168.360   163.526   159.512   170.774   163.762
16:51:56.077   161.803   166.083   155.711   175.164   173.078
16:51:56.116   162.462   165.759   156.244   174.221   171.708
16:51:56.187   166.754   161.917   161.388   169.009   162.384
16:51:56.188   162.185   166.265   156.047   175.167   172.407
16:51:56.229   161.529   165.950   159.282   175.965   174.828
16:51:56.296   168.132   162.440   162.152   167.752   165.191
16:51:56.297   159.910   167.273   160.586   173.789   173.971
16:51:56.335   162.216   168.827   158.059   173.079   173.776
16:51:56.403   169.200   156.914   164.465   161.770   159.167
16:51:56.405   161.672   168.324   159.586   176.544   174.294
16:51:56.447   161.804   167.947   159.214   177.795   175.190
16:51:56.516   167.715   159.420   162.127   162.966   159.565
16:51:56.517   161.976   169.061   159.122   177.487   174.884
16:51:56.556   161.815   169.136   159.606   177.425   176.590
16:51:56.626   164.018   163.090   161.988   165.810   159.692
16:51:56.627   160.521   167.999   159.263   177.236   176.781
16:51:56.684   170.480   169.541   162.382   176.688   171.101
16:51:56.685   162.850   168.161   159.009   174.752   175.526
16:51:56.716   164.806   170.755   158.991   175.760   177.363
16:51:56.784   169.013   158.482   164.638   165.456   165.305
16:51:56.786   165.765   168.829   159.064   174.477   176.996
16:51:56.826   165.628   168.931   160.045   176.874   177.320
16:51:56.893   165.194   159.547   161.356   159.956   161.963
16:51:56.894   164.163   165.763   162.392   173.861   177.591
16:51:56.932   160.585   164.341   161.908   174.230   175.245
16:51:56.984   161.621   163.010   163.968   173.959   175.560
16:51:57.048   166.797   158.794   161.108   165.036   160.304
16:51:57.049   159.850   161.176   162.799   174.968   174.674
16:51:57.090   159.556   161.391   162.044   172.086   172.272
16:51:57.160   165.577   158.900   160.280   166.580   160.310
16:51:57.162   161.153   162.444   160.565   175.156   174.887
16:51:57.200   159.428   163.820   157.084   167.801   174.294
16:51:57.269   161.396   163.844   157.180   175.311   161.863
16:51:57.270   163.031   164.649   158.551   171.326   174.851
16:51:57.312   159.631   166.925   153.585   169.920   175.001
16:51:57.384   157.529   167.674   161.509   176.858   171.855
16:51:57.385   160.014   166.575   158.303   170.272   176.568
16:51:57.423   161.047   164.857   156.818   169.918   174.312
16:51:57.495   158.434   170.846   159.208   175.540   163.286
16:51:57.496   160.204   165.163   157.512   172.734   175.304
16:51:57.535   163.286   169.844   152.477   173.280   175.027
16:51:57.602   162.244   169.386   158.810   174.650   165.856
16:51:57.604   161.883   169.760   156.563   173.101   176.587
16:51:57.645   158.430   164.853   154.252   167.720   176.410
16:51:57.713   161.574   154.150   166.485   164.531   154.458
16:51:57.714   157.635   165.420   156.943   167.263   170.931
16:51:57.772   166.837   168.876   161.593   174.141   162.953
16:51:57.773   159.522   165.296   150.787   168.896   173.697
16:51:57.801   158.488   172.133   158.746   176.784   171.365
16:51:57.871   147.774   156.871   162.915   167.863   163.865
16:51:57.873   156.614   168.150   159.224   173.502   170.476
16:51:57.928   161.516   160.522   156.272   173.635   158.695
16:51:57.930   157.854   168.500   158.153   171.435   172.856
16:51:57.959   157.070   167.245   160.700   169.162   175.302
16:51:58.010   158.103   167.442   159.974   169.842   172.868
16:51:58.075   164.513   171.529   155.865   176.473   163.096
16:51:58.076   162.830   167.842   159.926   171.767   172.988
16:51:58.117   162.775   171.886   159.829   174.563   173.519
16:51:58.169   163.642   169.048   167.002   174.966   176.146
16:51:58.232   162.304   172.004   163.811   177.891   178.218
16:51:58.296   156.075   170.257   160.233   170.878   171.901
16:51:58.298   159.427   167.613   168.507   173.954   176.928
16:51:58.338   159.415   168.893   167.284   174.449   176.606
16:51:58.409   166.743   162.359   158.589   167.349   163.793
16:51:58.410   161.884   170.783   163.790   174.759   176.335
16:51:58.450   161.048   168.275   165.823   176.532   177.032
16:51:58.519   163.626   154.645   161.707   161.819   161.855
16:51:58.520   161.680   167.928   163.869   177.027   175.718
16:51:58.560   160.204   169.017   166.985   173.960   176.492
16:51:58.628   164.949   155.376   161.501   161.477   162.816
16:51:58.629   161.647   167.183   163.560   176.352   177.854
16:51:58.670   158.610   161.272   166.457   173.174   177.454
16:51:58.740   159.937   165.879   161.814   168.478   165.813
16:51:58.741   158.362   165.152   164.661   176.842   179.215
16:51:58.782   161.216   165.467   162.116   174.788   177.935
16:51:58.833   161.882   167.657   162.919   176.184   177.811
16:51:58.882   159.827   166.545   165.011   176.703   178.880
16:51:58.947   159.879   173.404   163.786   172.056   172.124
16:51:58.949   157.719   163.121   168.063   174.340   177.028
16:51:58.987   158.648   165.302   164.363   172.838   177.075
16:51:59.055   163.498   160.132   161.693   163.332   163.922
16:51:59.056   158.083   164.449   162.272   174.124   176.640
16:51:59.097   157.887   167.250   162.885   172.960   177.404
16:51:59.168   160.303   170.325   159.913   167.899   162.485
16:51:59.170   158.471   167.892   162.209   176.498   177.431
16:51:59.212   160.463   169.790   159.554   172.061   176.042
16:51:59.277   160.211   169.440   165.822   164.730   161.978
16:51:59.279   160.176   168.433   163.268   170.150   176.786
16:51:59.320   156.508   167.463   164.692   175.586   178.395
16:51:59.389   152.348   166.918   163.331   168.359   164.529
16:51:59.390   157.608   170.057   162.474   175.568   177.088
16:51:59.429   157.033   166.602   163.383   175.017   176.798
16:51:59.497   155.532   165.788   165.256   163.436   163.383
16:51:59.499   157.658   169.092   163.457   174.584   177.002
16:51:59.537   158.372   167.799   163.354   174.432   177.558
16:51:59.605   155.177   165.255   164.017   165.503   170.098
16:51:59.606   158.189   166.272   164.194   173.324   176.236
16:51:59.665   162.764   169.882   157.447   171.521   165.442
16:51:59.666   158.308   167.460   163.041   173.231   175.919
16:51:59.696   159.315   168.789   162.015   173.135   177.538
16:51:59.764   153.989   163.842   165.433   163.982   166.165
16:51:59.766   158.823   166.760   165.509   172.973   176.605
16:51:59.824   166.893   168.122   158.094   173.699   168.838
16:51:59.826   159.290   167.896   165.428   172.635   175.684
16:51:59.853   158.223   167.969   167.089   173.515   176.925
16:51:59.922   148.421   171.393   167.462   166.855   171.675
16:51:59.923   159.166   167.866   164.739   173.274   175.987
16:51:59.982   160.889   169.180   159.432   175.208   166.594
16:51:59.984   159.634   171.693   162.095   173.742   174.515
16:52:00.009   159.081   171.671   161.579   178.667   175.174
16:52:00.080   151.276   162.714   163.589   163.576   166.033
16:52:00.081   158.763   171.064   161.771   175.885   176.876
16:52:00.139   161.944   169.373   156.627   171.730   166.425
16:52:00.141   158.515   171.593   162.401   177.762   176.307
16:52:00.169   158.490   170.376   162.368   173.521   174.424
16:52:00.237   150.338   173.732   164.525   171.486   170.898
16:52:00.238   157.744   169.085   162.029   174.305   174.246
16:52:00.283   163.655   168.587   157.784   171.489   168.116
16:52:00.284   160.929   172.337   160.349   174.682   175.960
16:52:00.313   159.081   170.909   162.970   174.581   176.196
16:52:00.382   160.197   166.807   165.412   164.008   163.894
16:52:00.384   159.436   172.251   162.660   176.991   174.194
16:52:00.423   157.323   168.586   161.393   175.025   177.376
16:52:00.489   153.873   171.009   166.008   169.441   164.809
16:52:00.491   160.179   172.374   161.598   176.039   175.721
16:52:00.548   169.425   168.293   157.466   172.277   168.396
16:52:00.550   158.073   170.096   163.652   175.419   175.392
16:52:00.580   159.721   169.156   161.967   175.062   176.906
16:52:00.649   152.813   168.384   166.578   166.875   168.072
16:52:00.650   157.442   168.396   164.749   175.788   174.869
16:52:00.708   171.707   168.405   156.156   175.046   168.334
16:52:00.710   159.448   169.190   161.937   174.208   175.421
16:52:00.739   157.649   168.788   164.148   173.364   177.642
16:52:00.807   156.521   165.873   167.811   165.217   171.784
16:52:00.809   160.029   169.591   163.789   174.148   174.949
16:52:00.869   169.972   166.933   158.896   175.604   167.756
16:52:00.870   159.100   169.130   161.400   174.605   175.676
16:52:00.900   160.856   170.110   160.852   176.092   177.053
16:52:00.966   152.817   174.213   170.348   172.374   172.606
16:52:00.968   160.954   169.838   161.912   176.778   177.816
16:52:01.023   151.195   168.578   161.913   173.801   170.723
16:52:01.025   162.659   166.632   163.629   172.427   174.561
16:52:01.069   161.668   170.628   157.141   174.199   163.682
16:52:01.071   160.909   165.469   163.226   174.691   173.686
16:52:01.100   163.785   166.349   160.659   175.265   171.894
16:52:01.168   156.954   171.997   165.425   175.865   176.217
16:52:01.170   160.562   163.883   163.947   173.322   173.312
16:52:01.210   163.015   168.941   159.008   176.540   175.507
16:52:01.264   160.416   167.090   163.440   173.132   174.004
16:52:01.341   156.834   163.817   164.185   163.044   176.835
16:52:01.343   161.733   165.983   162.802   175.740   178.664
16:52:01.369   162.164   163.237   165.615   172.623   176.425
16:52:01.439   162.125   162.751   166.158   163.017   163.768
16:52:01.440   160.772   163.496   162.755   171.915   176.389
16:52:01.482   160.581   165.836   164.613   173.771   175.102
16:52:01.552   162.590   165.496   166.351   167.778   175.067
16:52:01.553   160.518   163.429   162.614   175.544   174.742
16:52:01.589   161.266   164.168   164.679   175.432   172.503
16:52:01.657   158.517   163.391   164.357   167.009   171.962
16:52:01.658   161.106   164.162   161.554   173.739   174.151
16:52:01.700   164.694   168.165   164.581   178.065   176.633
16:52:01.769   167.046   160.266   163.893   166.146   162.242
16:52:01.771   162.755   163.445   163.678   173.705   175.554
16:52:01.812   162.070   167.971   161.136   174.262   177.595
16:52:01.880   165.550   160.360   156.684   168.712   162.132
16:52:01.881   158.580   161.891   162.287   171.877   173.088
16:52:01.922   162.639   163.251   160.821   170.243   173.350
16:52:01.972   167.844   166.608   163.544   171.045   176.407
16:52:02.021   163.920   164.305   164.091   175.690   176.902
16:52:02.082   160.387   168.499   165.043   176.477   177.799
16:52:02.133   163.675   170.944   163.255   177.430   178.262
16:52:02.212   165.541   167.306   168.064   169.164   165.085
16:52:02.214   160.570   168.962   161.175   177.884   178.290
16:52:02.254   161.355   167.215   162.187   173.620   174.134
16:52:02.321   169.833   164.707   165.709   170.067   161.647
16:52:02.323   161.097   166.907   164.761   173.827   173.489
16:52:02.349   162.744   165.118   165.659   173.165   175.143
16:52:02.402   161.240   166.905   165.527   175.243   173.924
16:52:02.450   160.215   165.913   167.939   172.430   177.535
16:52:02.530   164.357   168.105   168.068   166.654   166.980
16:52:02.532   165.615   168.303   167.202   174.187   178.039
16:52:02.572   159.650   165.991   169.522   171.670   177.984
16:52:02.640   167.091   169.461   168.336   169.221   171.511
16:52:02.641   162.666   169.264   162.436   173.836   178.158
16:52:02.679   160.915   163.565   162.619   173.575   176.895
16:52:02.731   163.889   167.947   161.888   174.891   179.037
16:52:02.779   168.301   168.515   163.185   174.107   177.456
16:52:02.840   164.758   169.717   163.676   173.025   177.777
16:52:02.904   155.903   168.635   164.345   171.369   166.300
16:52:02.905   164.424   168.923   161.969   171.291   176.925
16:52:02.948   168.202   171.796   158.118   174.545   175.777
16:52:03.001   166.764   173.040   163.804   174.588   177.361
16:52:03.047   163.038   169.469   159.021   174.621   177.221
16:52:03.114   167.407   162.057   160.370   161.978   166.839
16:52:03.115   160.338   167.533   159.171   174.500   176.363
16:52:03.154   160.618   167.053   154.386   174.851   177.191
16:52:03.207   159.037   163.829   153.579   170.151   172.879
16:52:03.255   154.734   160.347   151.783   165.697   171.743
16:52:03.304   155.476   164.793   154.777   169.078   171.020
16:52:03.365   157.874   164.107   155.692   167.595   174.846
16:52:03.415   159.467   168.145   158.076   171.598   173.556
16:52:03.477   160.675   166.403   158.388   169.109   174.020
16:52:03.525   158.900   164.205   159.497   166.361   172.672
16:52:03.571   158.464   164.761   158.255   166.839   173.712
16:52:03.634   155.858   165.428   159.445   165.406   172.497
16:52:03.681   156.338   164.006   157.496   163.257   173.356
16:52:03.729   156.430   162.813   157.955   164.129   169.753
16:52:03.790   156.993   165.776   160.403   168.512   176.196
16:52:03.837   152.568   163.046   158.343   167.382   173.731
16:52:03.884   153.315   160.532   154.384   164.813   173.305
16:52:03.934   150.544   161.916   156.419   164.402   170.342
16:52:03.995   153.889   163.827   154.798   168.818   174.150
16:52:04.059   152.787   161.101   154.706   166.417   173.511
16:52:04.107   151.901   156.286   153.279   164.577   170.929
16:52:04.170   158.355   156.471   153.483   165.933   174.032
16:52:04.218   157.263   164.146   156.679   168.944   173.431
16:52:04.266   154.097   155.025   152.454   167.610   171.573
16:52:04.313   154.199   156.525   150.291   168.520   169.367
16:52:04.376   155.561   154.711   155.228   161.160   170.103
16:52:04.423   151.326   161.572   153.255   172.255   171.210
16:52:04.470   149.306   154.486   152.707   161.517   167.171
16:52:04.518   150.373   159.730   152.526   166.925   168.113
16:52:04.568   153.451   153.075   150.877   164.599   163.812
16:52:04.629   151.680   158.631   152.099   169.007   167.884
16:52:04.678   151.482   157.363   150.683   166.516   167.667
16:52:04.740   150.465   156.634   150.631   166.253   166.748
16:52:04.788   151.449   154.234   151.303   166.001   166.435
16:52:04.837   153.072   156.910   152.310   165.899   167.654
16:52:04.884   150.033   159.126   151.437   164.710   167.215
16:52:04.932   151.866   157.982   151.249   163.953   164.193
16:52:04.981   151.701   155.870   151.859   163.409   165.014
16:52:05.042   151.843   156.988   152.112   166.811   164.642
16:52:05.090   151.718   157.144   151.240   164.809   167.193
16:52:05.139   154.258   157.151   151.101   166.006   167.132
16:52:05.202   150.924   159.721   151.170   168.251   166.977
16:52:05.250   150.329   155.885   150.570   163.462   165.755
16:52:05.312   151.802   158.268   149.830   167.264   166.988
16:52:05.375   153.904   159.318   150.589   165.769   167.461
16:52:05.424   151.589   157.683   151.699   165.090   165.862
16:52:05.485   153.501   157.788   150.952   162.064   166.730
16:52:05.533   152.387   158.042   151.750   166.117   168.040
16:52:05.594   154.603   158.799   152.811   166.063   167.044
16:52:05.641   156.099   161.837   151.335   168.961   167.344
16:52:05.691   154.301   159.148   152.425   165.596   166.899
16:52:05.753   155.942   156.751   151.445   165.598   165.298
16:52:05.802   153.256   163.165   150.745   168.356   166.341
16:52:05.863   155.246   160.534   151.690   163.962   166.562
16:52:05.911   151.948   162.357   152.146   168.206   168.755
16:52:05.957   154.106   158.835   151.030   162.442   166.272
16:52:06.008   153.211   158.615   151.960   165.946   166.169
16:52:06.070   153.806   156.362   154.604   160.074   165.306
16:52:06.119   154.447   159.486   153.145   163.230   165.770
16:52:06.180   154.587   157.962   151.862   161.502   165.037
16:52:06.229   155.619   159.979   152.903   162.024   167.042
16:52:06.278   155.836   158.606   153.338   160.781   167.034
16:52:06.338   155.313   158.524   154.578   161.859   166.848
16:52:06.388   157.023   159.273   153.649   163.000   166.449
16:52:06.448   156.656   156.163   154.176   162.257   170.026
16:52:06.494   156.209   162.389   155.378   163.364   166.574
16:52:06.542   154.223   156.201   153.849   162.371   164.546
16:52:06.604   152.867   158.730   155.659   163.834   165.635
16:52:06.653   153.876   157.161   152.525   162.519   163.476
16:52:06.713   153.817   156.522   152.848   162.763   163.591
16:52:06.760   153.950   159.390   154.169   162.126   165.517
16:52:06.809   153.873   159.024   155.124   162.045   167.024
16:52:06.870   152.556   160.142   155.687   163.238   166.442
16:52:06.919   151.696   158.535   153.454   163.949   164.519
16:52:06.966   153.497   157.562   154.560   159.455   164.858
16:52:07.029   157.249   158.697   157.674   162.168   166.471
16:52:07.078   155.266   155.539   155.139   162.531   165.726
16:52:07.137   154.380   161.100   156.124   163.080   168.318
16:52:07.185   159.059   159.691   156.797   159.597   165.916
16:52:07.234   158.791   151.588   156.951   159.450   166.310
16:52:07.294   156.063   159.265   155.586   162.156   167.226
16:52:07.342   158.047   158.893   157.663   161.260   168.561
16:52:07.403   158.575   160.557   158.262   162.207   166.740
16:52:07.451   162.257   159.868   159.721   164.743   170.216
16:52:07.502   158.475   158.111   154.305   164.345   165.262
16:52:07.565   156.306   159.167   151.795   164.582   168.934
16:52:07.625   160.522   161.617   152.943   164.143   170.268
16:52:07.674   161.143   159.387   156.071   164.435   170.358
16:52:07.721   159.275   160.004   154.376   164.062   171.766
16:52:07.770   157.125   159.557   152.771   164.222   170.517
16:52:07.828   159.874   162.117   152.315   166.323   170.377
16:52:07.877   158.068   157.823   157.177   163.166   171.499
16:52:07.925   159.246   161.393   152.088   166.590   169.147
16:52:07.971   156.783   160.397   155.703   166.422   172.195
16:52:08.020   158.918   161.403   151.730   165.144   169.033
16:52:08.068   157.778   158.197   155.975   165.319   170.577
16:52:08.130   158.950   162.451   151.273   165.436   168.237
16:52:08.178   159.094   158.200   157.357   164.131   170.628
16:52:08.227   159.570   162.357   150.379   166.409   170.042
16:52:08.289   158.799   161.237   152.269   166.845   170.682
16:52:08.337   159.386   162.842   151.237   166.962   170.217
16:52:08.387   156.823   156.943   156.825   162.794   170.038
16:52:08.449   156.473   160.972   151.743   165.793   170.038
16:52:08.496   159.795   161.101   150.254   166.643   169.200
16:52:08.545   157.761   162.434   151.751   164.967   170.336
16:52:08.593   160.022   163.827   151.098   167.882   170.461
16:52:08.656   159.713   159.650   156.543   164.891   170.952
16:52:08.703   160.115   161.613   151.283   165.607   169.559
16:52:08.767   160.520   158.406   154.670   164.533   169.185
16:52:08.828   158.049   159.164   154.375   166.251   170.256
16:52:08.876   160.074   162.745   151.057   165.095   169.477
16:52:08.924   156.154   158.878   155.203   167.027   171.445
16:52:08.985   157.474   160.765   152.201   167.857   169.124
16:52:09.047   157.935   157.144   153.115   164.093   168.377
16:52:09.097   160.164   159.123   156.125   164.485   167.831
16:52:09.158   162.111   159.653   158.063   161.586   169.207
16:52:09.207   160.813   160.691   161.346   162.634   172.405
16:52:09.270   156.846   157.488   155.569   162.723   166.532
16:52:09.334   157.145   154.999   153.365   161.104   164.445
16:52:09.381   157.935   157.726   152.974   163.978   164.747
16:52:09.428   159.293   157.340   157.450   159.291   167.336
16:52:09.479   157.779   159.898   158.023   162.598   167.961
16:52:09.539   156.138   156.467   157.399   163.166   170.247
16:52:09.588   157.660   158.159   155.939   163.161   165.033
16:52:09.649   158.418   160.414   155.029   162.971   162.926
16:52:09.698   157.456   157.927   156.647   160.938   168.895
16:52:09.745   158.032   161.919   153.829   163.308   166.353
16:52:09.807   160.903   163.469   155.270   163.012   169.859
16:52:09.856   154.349   162.940   157.968   164.835   171.650
16:52:09.917   157.870   166.290   162.099   167.346   169.554
16:52:09.966   159.548   162.065   162.372   165.887   170.098
16:52:10.013   159.708   160.012   159.145   164.667   170.996
16:52:10.061   158.319   164.867   158.846   167.865   171.031
16:52:10.108   159.675   166.372   157.995   166.675   171.276
16:52:10.155   158.376   161.871   157.969   163.773   172.038
16:52:10.217   159.312   165.620   156.101   166.056   164.839
16:52:10.265   154.254   166.786   162.293   165.559   166.796
16:52:10.313   157.314   160.013   157.451   161.776   167.700
16:52:10.361   161.403   163.575   160.420   162.982   171.383
16:52:10.408   160.269   163.147   158.807   164.615   171.258
16:52:10.457   157.083   161.800   157.608   164.804   169.331
16:52:10.504   159.949   159.428   158.301   163.480   166.295
16:52:10.567   157.921   162.624   160.343   165.024   167.660
16:52:10.617   158.837   161.486   155.220   166.618   166.457
16:52:10.677   157.325   163.447   156.211   166.928   167.069
16:52:10.726   156.453   161.429   153.518   167.612   167.739
16:52:10.789   155.340   158.548   151.528   164.876   167.712
16:52:10.836   157.793   156.952   152.814   161.832   164.846
16:52:10.885   157.741   160.340   155.189   165.012   165.614
16:52:10.933   158.885   159.287   158.595   164.109   167.888
16:52:10.980   160.944   160.613   156.266   163.421   168.932
16:52:11.029   158.112   161.136   154.298   166.364   167.390
16:52:11.078   157.543   158.208   155.246   162.449   165.317
16:52:11.141   160.034   160.777   156.355   162.416   164.946
16:52:11.202   156.614   161.036   155.522   166.765   166.787
16:52:11.265   157.280   160.024   155.159   164.190   166.980
16:52:11.327   160.733   161.579   154.678   165.967   164.938
16:52:11.375   158.262   160.977   160.084   162.687   167.421
16:52:11.424   159.597   159.757   153.976   164.299   167.248
16:52:11.487   162.151   157.610   153.335   160.551   169.234
16:52:11.549   158.708   156.731   153.590   162.003   165.432
16:52:11.597   160.994   158.579   155.142   160.976   165.597
16:52:11.646   162.920   157.589   156.371   160.960   165.352
16:52:11.694   159.785   158.294   156.993   161.937   164.676
16:52:11.755   158.706   159.324   154.785   164.341   162.135
16:52:11.804   159.268   156.351   157.326   163.609   164.179
16:52:11.865   159.227   156.653   154.597   161.713   162.022
16:52:11.924   159.143   159.639   157.311   164.898   165.246
16:52:11.973   161.849   159.325   156.879   165.028   165.229
16:52:12.021   163.088   159.754   162.870   165.617   167.129
16:52:12.083   164.800   163.109   163.678   169.735   166.650
16:52:12.133   163.344   165.027   160.082   171.243   164.648
16:52:12.194   164.440   164.495   161.277   170.204   166.991
16:52:12.244   162.142   164.873   159.911   172.235   168.468
16:52:12.305   163.050   164.487   161.564   170.081   168.914
16:52:12.352   164.146   165.002   160.524   170.886   169.218
16:52:12.400   162.039   160.393   160.218   169.574   166.291
16:52:12.462   159.267   166.172   159.114   170.833   169.579
16:52:12.510   159.102   159.648   156.784   164.901   168.573
16:52:12.572   158.645   160.009   156.950   168.365   166.798
16:52:12.620   159.222   156.705   154.604   162.946   164.252
16:52:12.667   158.344   157.421   152.791   164.026   164.366
16:52:12.716   158.629   156.479   154.207   163.506   165.189
16:52:12.780   160.028   158.216   155.089   162.956   165.790
16:52:12.842   157.891   157.496   155.642   164.850   165.516
16:52:12.904   159.186   156.130   153.854   162.515   164.671
16:52:12.952   159.527   158.994   154.247   164.546   164.956
16:52:12.998   157.779   158.077   155.912   166.662   169.300
16:52:13.045   157.713   157.159   153.929   165.130   166.097
16:52:13.093   156.544   157.038   152.283   164.590   164.965
16:52:13.141   159.099   157.638   154.721   163.379   165.392
16:52:13.203   160.383   159.762   157.605   167.192   168.765
16:52:13.251   158.266   158.157   155.915   167.095   168.757
16:52:13.299   156.348   156.751   153.114   166.305   165.965
16:52:13.360   158.899   158.362   155.414   163.843   166.730
16:52:13.410   160.435   160.948   157.359   168.758   169.735
16:52:13.472   158.479   158.634   156.058   167.180   166.949
16:52:13.534   157.349   156.001   153.643   164.481   165.812
16:52:13.581   158.691   155.935   153.315   164.106   164.756
16:52:13.630   159.589   158.747   154.883   164.739   166.558
16:52:13.690   159.762   160.390   156.942   168.434   169.062
16:52:13.740   157.409   159.388   154.396   166.863   166.637
16:52:13.802   157.214   156.211   154.517   164.829   166.862
16:52:13.851   158.601   158.260   155.204   164.312   167.351
16:52:13.912   160.190   160.697   157.085   167.546   168.485
16:52:13.960   159.044   156.289   155.415   163.808   166.131
16:52:14.009   158.330   158.877   156.032   167.660   167.685
16:52:14.070   157.034   156.671   155.334   165.814   166.545
16:52:14.117   157.411   157.840   155.701   164.342   166.235
16:52:14.180   156.721   158.760   156.923   164.243   167.102
16:52:14.227   159.252   157.007   155.142   165.448   167.975
16:52:14.276   159.087   156.458   154.991   164.051   167.433
16:52:14.324   157.688   159.207   154.975   166.661   168.482
16:52:14.385   156.511   157.476   156.585   164.103   168.565
16:52:14.432   157.442   157.236   155.116   165.798   165.516
16:52:14.481   158.342   156.079   155.111   163.825   164.965
16:52:14.542   160.017   159.545   156.763   166.309   168.235
16:52:14.604   157.899   158.060   155.656   167.238   167.899
16:52:14.653   156.835   156.805   156.212   164.444   167.287
16:52:14.701   158.742   155.637   154.159   163.429   165.292
16:52:14.764   159.546   158.705   156.362   164.979   167.484
16:52:14.813   159.381   158.582   155.236   167.335   169.423
16:52:14.874   159.248   159.900   155.331   166.367   165.941
16:52:14.937   159.668   158.227   156.711   166.453   167.089
16:52:14.985   157.570   157.495   155.386   168.072   167.273
16:52:15.046   158.071   156.182   156.193   164.222   168.326
16:52:15.097   159.274   159.087   155.622   167.019   168.117
16:52:15.161   157.146   157.409   154.537   166.579   168.329
16:52:15.221   158.251   157.684   155.395   164.798   166.430
16:52:15.269   159.704   159.595   156.945   169.330   168.245
16:52:15.316   158.544   156.441   155.290   164.207   166.833
16:52:15.365   158.184   158.161   155.310   166.229   167.947
16:52:15.427   157.505   157.871   154.914   167.308   167.638
16:52:15.474   158.791   157.614   155.680   164.050   165.843
16:52:15.522   158.984   158.215   156.144   165.916   167.112
16:52:15.569   157.926   159.312   155.213   165.552   167.590
16:52:15.619   158.273   156.534   154.181   164.949   166.073
16:52:15.681   156.811   157.350   155.028   164.092   165.182
16:52:15.730   158.353   160.189   156.378   164.831   167.540
16:52:15.779   159.105   159.076   157.133   166.989   168.030
16:52:15.839   154.966   155.377   154.902   163.987   166.848
16:52:15.902   156.244   160.422   155.543   165.691   168.888
16:52:15.951   156.612   159.477   155.564   165.542   167.315
16:52:16.012   158.075   158.841   156.217   164.875   168.085
16:52:16.075   159.794   160.009   153.426   164.493   164.429
16:52:16.137   159.918   158.169   156.318   164.524   166.039
16:52:16.200   158.959   159.210   157.812   169.900   168.433
16:52:16.248   156.278   157.631   153.976   166.260   167.106
16:52:16.296   156.736   158.410   153.856   164.771   167.975
16:52:16.345   158.054   160.957   154.536   167.666   167.019
16:52:16.405   157.162   159.179   156.271   165.914   166.209
16:52:16.454   157.185   158.147   155.612   166.603   167.851
16:52:16.518   158.687   157.708   155.620   166.543   167.632
16:52:16.581   157.432   159.088   156.254   167.354   167.685
16:52:16.643   156.214   158.234   155.904   165.557   167.712
16:52:16.705   158.153   159.007   155.717   165.731   166.572
16:52:16.753   159.250   160.017   156.120   167.559   167.861
16:52:16.813   156.631   159.760   154.472   167.489   165.917
16:52:16.862   156.483   158.469   155.017   165.781   166.829
16:52:16.911   158.319   160.599   154.832   168.713   166.058
16:52:16.971   158.718   159.608   154.827   167.975   164.243
16:52:17.020   158.829   158.839   154.654   167.280   164.907
16:52:17.081   159.673   160.173   156.169   167.710   164.866
16:52:17.143   158.848   160.752   157.338   170.789   166.639
16:52:17.206   156.647   160.383   156.238   167.795   164.275
16:52:17.253   154.567   158.604   154.372   167.193   163.742
16:52:17.301   154.803   159.464   153.861   167.258   163.234
16:52:17.348   154.263   158.987   157.307   168.231   163.362
16:52:17.410   153.520   157.016   151.815   165.061   162.318
16:52:17.456   150.652   159.819   152.401   167.378   162.784
16:52:17.505   145.275   155.839   151.655   164.890   165.283
16:52:17.567   149.861   154.431   152.160   163.254   161.383
16:52:17.614   148.052   157.693   152.908   166.729   166.621
16:52:17.663   145.304   155.806   152.639   163.061   166.771
16:52:17.712   139.650   150.575   152.069   162.239   168.213
16:52:17.773   139.568   148.640   152.083   160.890   168.551
16:52:17.821   137.824   146.166   150.092   157.477   168.002
16:52:17.870   134.335   144.939   149.794   157.837   166.589
16:52:17.932   137.091   145.189   152.329   154.462   166.033
16:52:17.994   135.693   144.850   149.076   157.327   167.807
16:52:18.042   131.969   144.193   151.511   154.296   165.520
16:52:18.089   131.381   142.474   151.686   154.221   166.698
16:52:18.150   131.785   139.237   152.594   155.814   163.498
16:52:18.200   137.990   144.539   148.298   160.951   161.850
16:52:18.263   138.976   149.574   147.902   160.810   163.757
16:52:18.324   137.377   147.474   148.207   159.738   162.504
16:52:18.371   137.394   146.384   150.094   156.437   162.973
16:52:18.420   130.583   147.320   148.333   154.137   163.621
16:52:18.467   135.763   146.005   148.246   156.616   162.947
16:52:18.516   131.517   148.003   148.499   155.346   165.833
16:52:18.566   135.940   144.516   148.868   157.412   160.888
16:52:18.627   132.417   148.033   149.323   157.217   162.270
16:52:18.675   135.469   146.779   146.334   161.961   163.230
16:52:18.721   129.417   148.834   149.040   158.214   166.164
16:52:18.770   132.453   145.120   150.527   160.526   161.562
16:52:18.817   137.728   146.112   149.868   158.928   167.376
16:52:18.863   134.130   147.891   150.164   160.475   167.639
16:52:18.912   143.925   146.912   146.243   156.793   157.725
16:52:18.974   141.998   148.538   150.472   154.884   166.664
16:52:19.022   143.455   147.500   149.541   157.597   164.365
16:52:19.069   145.180   147.416   147.165   158.300   164.610
16:52:19.118   151.682   151.659   146.797   163.858   161.167
16:52:19.181   160.297   156.776   150.303   164.298   161.203
16:52:19.230   160.503   159.700   150.029   163.819   165.796
16:52:19.292   158.291   161.768   151.802   167.876   166.733
16:52:19.354   158.934   159.805   149.061   167.655   165.356
16:52:19.402   161.926   163.081   152.967   169.130   166.941
16:52:19.450   161.421   160.369   155.708   165.494   169.136
16:52:19.498   160.821   161.418   153.023   167.804   166.088
16:52:19.559   160.079   160.977   152.158   167.646   166.321
16:52:19.608   159.621   159.522   151.220   166.381   166.217
16:52:19.656   159.156   164.227   154.821   169.954   166.540
16:52:19.703   159.266   160.094   150.375   166.438   167.639
16:52:19.752   158.747   164.876   154.563   173.635   167.888
16:52:19.799   159.548   162.982   151.800   171.316   166.923
16:52:19.861   161.318   161.884   152.193   168.698   166.486
16:52:19.911   157.661   159.466   157.694   163.443   166.314
16:52:19.971   160.655   162.257   152.324   167.378   167.960
16:52:20.019   159.566   162.426   153.683   166.872   168.202
16:52:20.081   160.080   163.026   153.849   170.163   167.843
16:52:20.131   158.424   163.552   154.602   171.376   166.089
16:52:20.191   159.535   161.545   150.503   170.557   166.109
16:52:20.241   161.723   164.355   154.587   170.187   166.776
16:52:20.302   158.906   163.513   156.242   169.403   167.273
16:52:20.351   160.719   161.254   150.937   168.819   166.820
16:52:20.412   158.114   161.160   158.328   164.409   166.858
16:52:20.474   161.090   161.709   150.922   167.635   168.550
16:52:20.521   162.672   159.897   155.531   166.343   168.268
16:52:20.568   159.388   162.560   154.137   169.344   167.328
16:52:20.622   160.943   160.975   151.151   168.871   165.141
16:52:20.678   160.706   164.472   155.732   168.972   167.063
16:52:20.728   160.812   166.179   155.730   172.095   168.256
16:52:20.789   159.569   162.812   155.786   167.980   168.193
16:52:20.838   160.906   161.897   151.241   169.968   167.051
16:52:20.886   159.670   161.987   157.569   165.229   167.271
16:52:20.933   159.553   161.124   150.123   169.880   167.328
16:52:20.981   157.715   163.610   154.575   170.576   167.831
16:52:21.043   159.452   159.865   150.987   167.485   166.258
16:52:21.091   158.571   165.541   154.980   170.237   167.632
16:52:21.141   161.233   162.135   151.463   167.613   169.123
16:52:21.202   162.199   161.523   158.248   168.895   168.110
16:52:21.251   159.930   163.963   154.267   169.358   168.124
16:52:21.312   160.525   164.850   155.358   172.620   169.079
16:52:21.361   162.347   163.780   154.227   170.145   168.242
16:52:21.422   159.438   162.762   154.707   168.363   168.033
16:52:21.470   160.882   161.577   151.304   169.269   166.795
16:52:21.518   161.144   161.003   156.626   164.936   167.903
16:52:21.566   161.656   162.499   153.289   168.019   167.203
16:52:21.614   158.974   162.957   153.565   169.915   167.778
16:52:21.662   159.058   161.195   152.157   168.914   166.786
16:52:21.723   158.977   161.682   151.024   170.091   166.478
16:52:21.770   160.322   161.156   155.404   166.173   165.985
16:52:21.819   157.729   158.598   156.927   164.564   165.725
16:52:21.881   159.081   158.326   153.738   162.208   165.019
16:52:21.928   159.262   158.859   156.000   163.823   163.832
16:52:21.977   160.521   159.267   157.584   163.627   165.013
16:52:22.026   159.308   158.018   158.372   163.073   164.322
16:52:22.087   158.409   155.917   157.110   161.775   163.190
16:52:22.137   158.658   158.644   155.676   163.718   163.769
16:52:22.184   159.510   159.467   157.748   164.850   163.350
16:52:22.234   157.592   157.514   158.380   164.752   163.891
16:52:22.295   158.547   158.324   155.327   162.789   164.285
16:52:22.343   155.757   156.739   158.872   166.115   163.787
16:52:22.389   156.866   155.939   153.442   162.178   165.229
16:52:22.438   157.701   158.056   156.225   164.062   163.792
16:52:22.501   152.527   154.470   155.310   161.459   164.548
16:52:22.549   153.363   157.407   153.091   163.262   165.253
16:52:22.611   152.456   156.478   156.099   164.827   166.842
16:52:22.660   149.543   152.199   153.477   161.809   167.957
16:52:22.721   147.210   147.193   151.335   157.688   167.542
16:52:22.769   146.040   147.952   157.212   160.683   172.288
16:52:22.816   146.445   139.712   151.113   157.644   167.296
16:52:22.865   146.448   147.747   157.302   162.883   171.400
16:52:22.913   142.413   139.708   151.390   156.499   165.689
16:52:22.960   146.189   144.797   154.864   157.933   166.566
16:52:23.010   142.359   140.701   153.362   157.225   165.937
16:52:23.070   146.065   145.177   155.457   158.018   169.070
16:52:23.118   141.384   140.544   152.145   155.767   164.870
16:52:23.166   145.640   143.990   152.969   161.501   165.571
16:52:23.214   140.326   141.720   152.241   155.587   165.143
16:52:23.262   140.636   143.184   153.097   158.574   166.089
16:52:23.312   130.108   146.780   151.603   155.147   164.858
16:52:23.372   132.881   138.403   153.509   149.196   162.377
16:52:23.422   132.506   143.453   150.954   155.097   163.361
16:52:23.483   130.671   143.230   152.347   155.780   166.790
16:52:23.544   129.233   143.038   153.142   154.707   164.713
16:52:23.593   126.225   142.877   151.704   153.002   164.152
16:52:23.654   127.335   144.054   151.404   152.142   164.573
16:52:23.703   127.356   138.846   150.495   149.608   166.280
16:52:23.752   123.962   144.787   151.255   152.194   165.675
16:52:23.800   128.341   140.513   149.395   148.969   163.820
16:52:23.847   141.406   142.786   147.223   153.741   166.544
16:52:23.897   141.217   144.627   152.032   155.386   165.156
16:52:23.959   139.229   149.322   151.321   155.306   165.144
16:52:24.007   136.768   149.288   147.929   152.393   165.001
16:52:24.055   145.393   146.784   151.057   151.530   166.281
16:52:24.116   158.665   152.865   150.013   162.817   161.796
16:52:24.166   163.115   159.979   148.240   160.795   163.057
16:52:24.228   164.127   163.204   156.927   165.522   164.735
16:52:24.287   163.603   160.123   159.643   164.928   167.509
16:52:24.335   164.786   164.389   155.462   168.339   167.902
16:52:24.385   165.179   161.256   156.409   166.151   167.310
16:52:24.446   167.059   160.190   156.177   168.559   169.977
16:52:24.496   168.042   160.521   157.241   168.480   169.809
16:52:24.557   167.423   159.263   158.827   166.900   170.416
16:52:24.605   167.320   160.157   158.793   168.289   171.006
16:52:24.668   166.578   159.317   157.908   167.400   171.433
16:52:24.715   166.687   162.020   157.978   169.141   170.925
16:52:24.763   168.062   161.586   158.437   169.118   173.155
16:52:24.824   165.180   158.159   161.269   165.137   174.169
16:52:24.874   165.862   163.175   156.202   167.704   168.340
16:52:24.924   166.669   159.775   155.081   167.123   170.074
16:52:24.986   166.152   160.152   156.531   169.076   172.105
16:52:25.034   166.362   160.250   157.761   166.826   170.103
16:52:25.082   167.722   159.560   156.635   167.457   172.655
16:52:25.132   167.186   158.353   156.715   166.531   172.215
16:52:25.193   166.756   158.727   157.586   166.883   171.178
16:52:25.240   166.975   160.745   155.271   168.739   171.527
16:52:25.287   167.603   161.110   155.672   168.992   171.893
16:52:25.334   167.051   161.032   155.053   169.687   170.437
16:52:25.381   166.873   160.499   155.930   168.560   171.775
16:52:25.430   166.498   161.044   155.444   170.445   171.500
16:52:25.478   167.594   159.679   155.490   167.038   171.923
16:52:25.539   165.727   159.634   157.154   166.636   172.395
16:52:25.589   165.812   159.060   156.204   166.638   169.925
16:52:25.654   167.022   160.513   156.878   169.876   172.041
16:52:25.716   168.070   160.477   156.547   168.623   172.923
16:52:25.780   165.483   160.048   157.076   169.471   172.152
16:52:25.842   166.602   161.099   156.669   168.337   169.997
16:52:25.904   167.698   161.765   156.510   167.672   173.434
16:52:25.952   165.884   159.910   157.372   169.304   172.495
16:52:26.002   166.685   160.836   156.572   169.294   168.176
16:52:26.062   167.972   161.288   156.587   169.756   171.862
16:52:26.112   167.037   159.798   156.586   169.295   170.729
16:52:26.176   167.381   160.181   155.613   167.907   170.798
16:52:26.223   166.373   160.193   155.906   169.971   171.449
16:52:26.269   166.132   159.051   156.971   167.568   171.634
16:52:26.318   167.250   161.545   157.794   168.403   172.162
16:52:26.378   166.761   162.515   156.135   167.631   173.142
16:52:26.438   166.209   161.642   157.602   167.217   172.056
16:52:26.487   167.559   159.853   156.526   169.319   170.253
16:52:26.534   167.400   157.563   158.402   166.384   172.057
16:52:26.599   167.232   160.994   155.414   168.316   171.428
16:52:26.660   165.291   162.412   157.642   169.756   168.245
16:52:26.706   164.320   161.978   158.477   165.338   166.677
16:52:26.754   166.290   161.938   158.595   166.811   168.587
16:52:26.816   166.165   163.694   157.609   167.205   166.787
16:52:26.880   165.729   163.954   160.695   168.640   168.843
16:52:26.944   163.675   161.650   157.969   166.101   167.122
16:52:27.006   162.386   158.415   157.508   164.255   167.537
16:52:27.053   159.234   156.930   156.691   166.792   166.193
16:52:27.100   159.547   155.371   155.256   164.137   166.701
16:52:27.162   156.738   153.682   156.875   163.450   165.718
16:52:27.209   152.940   151.642   157.922   164.174   168.294
16:52:27.258   147.535   148.442   156.961   162.927   169.520
16:52:27.307   145.539   143.069   155.685   159.299   168.237
16:52:27.353   143.069   143.055   151.376   154.891   167.340
16:52:27.417   142.879   140.664   150.694   155.018   168.778
16:52:27.480   135.971   142.764   150.029   153.663   167.558
16:52:27.542   137.207   140.991   147.448   154.910   165.150
16:52:27.590   134.948   141.319   149.833   154.872   166.644
16:52:27.638   126.366   140.327   149.791   150.444   166.423
16:52:27.687   134.263   139.960   148.212   148.434   163.748
16:52:27.748   133.181   138.892   146.058   146.382   159.969
16:52:27.796   128.245   138.859   145.113   149.624   161.982
16:52:27.858   132.863   143.247   143.512   148.329   167.125
16:52:27.907   130.478   143.660   144.786   150.930   164.193
16:52:27.969   133.536   138.461   146.336   145.739   162.845
16:52:28.017   132.955   143.518   145.356   150.410   158.362
16:52:28.081   133.373   140.819   148.850   145.268   161.681
16:52:28.143   135.755   140.664   145.196   146.231   151.020
16:52:28.191   136.515   140.118   147.981   150.260   156.063
16:52:28.240   136.862   142.261   147.255   145.914   154.782
16:52:28.302   129.675   138.270   148.198   146.191   162.508
16:52:28.350   128.134   139.226   150.227   145.542   163.724
16:52:28.412   136.756   141.126   150.136   148.928   154.958
16:52:28.473   141.125   140.118   146.510   151.403   155.727
16:52:28.520   137.734   139.735   148.836   148.306   152.455
16:52:28.569   140.176   140.120   141.777   146.844   150.688
16:52:28.617   149.280   143.853   153.232   149.636   155.067
16:52:28.678   143.275   137.912   150.869   149.859   159.224
16:52:28.727   152.484   142.358   146.013   145.448   157.309
16:52:28.788   148.696   149.219   139.799   150.283   169.724
16:52:28.836   143.201   142.795   146.849   150.783   173.130
16:52:28.885   151.889   148.413   146.292   150.774   160.803
16:52:28.946   164.869   154.256   150.326   154.172   159.099
16:52:28.994   164.700   163.910   151.191   166.283   167.384
16:52:29.041   167.919   162.349   155.571   165.198   170.932
16:52:29.090   170.013   162.458   154.317   169.176   175.109
16:52:29.139   169.720   163.337   153.222   171.027   174.399
16:52:29.200   169.535   163.075   152.565   170.636   174.664
16:52:29.248   169.253   164.013   152.807   171.041   174.839
16:52:29.297   169.060   163.622   153.363   170.591   174.287
16:52:29.359   168.020   162.841   153.258   169.154   172.817
16:52:29.408   168.761   163.346   152.575   170.296   173.346
16:52:29.454   168.818   163.895   156.407   168.869   176.329
16:52:29.502   169.420   161.939   154.580   168.872   173.276
16:52:29.565   167.959   163.290   157.234   166.772   176.496
16:52:29.627   168.497   162.043   154.458   170.311   172.558
16:52:29.675   168.017   164.161   153.833   171.065   174.030
16:52:29.722   168.394   164.187   155.123   169.584   174.034
16:52:29.771   168.009   162.903   155.479   170.720   173.219
16:52:29.833   168.568   164.320   157.160   167.602   175.222
16:52:29.895   168.657   164.489   158.282   167.477   176.058
16:52:29.957   167.931   162.768   158.987   168.008   175.004
16:52:30.004   168.865   164.521   158.055   168.133   175.096
16:52:30.053   169.350   163.416   155.005   171.032   175.733
16:52:30.116   169.330   161.216   156.904   168.519   172.103
16:52:30.164   168.779   162.179   155.418   170.975   172.498
16:52:30.227   168.541   161.952   157.735   171.754   172.332
16:52:30.287   169.231   164.113   155.826   171.724   173.898
16:52:30.335   169.207   162.741   155.556   172.341   175.036
16:52:30.397   168.399   160.970   157.332   168.629   171.612
16:52:30.445   169.189   161.888   155.771   171.265   173.199
16:52:30.495   169.345   162.005   156.047   171.468   172.931
16:52:30.557   168.808   163.183   157.360   169.259   173.880
16:52:30.618   169.245   162.450   159.261   169.531   174.887
16:52:30.665   168.881   160.330   157.994   171.330   171.962
16:52:30.715   168.741   161.996   157.494   168.793   172.506
16:52:30.776   169.447   161.481   156.107   170.350   173.516
16:52:30.836   168.931   161.672   155.189   171.454   173.275
16:52:30.884   169.044   160.609   158.278   171.228   173.515
16:52:30.933   168.066   163.168   157.013   168.948   173.151
16:52:30.994   168.933   162.463   155.714   171.203   172.475
16:52:31.058   170.349   159.775   157.745   169.602   173.268
16:52:31.121   168.027   166.845   158.820   168.633   169.117
16:52:31.183   168.522   168.138   157.770   170.553   168.376
16:52:31.231   168.358   167.279   158.430   169.669   170.140
16:52:31.278   168.729   166.166   158.465   169.784   170.230
16:52:31.326   168.042   165.589   158.796   170.203   169.567
16:52:31.388   168.267   168.021   159.653   172.890   168.329
16:52:31.450   167.254   167.505   159.187   171.077   169.080
16:52:31.513   166.689   166.476   159.136   171.568   167.740
16:52:31.575   165.681   165.248   160.551   168.769   169.547
16:52:31.625   162.352   161.153   159.836   168.621   171.513
16:52:31.685   152.387   150.682   160.227   163.555   168.170
16:52:31.737   150.704   150.389   154.846   163.953   167.246
16:52:31.798   146.038   139.588   150.733   156.553   165.326
16:52:31.861   140.232   146.334   154.388   159.358   168.789
16:52:31.909   141.717   140.671   150.521   156.372   165.851
16:52:31.970   133.287   143.901   151.494   154.119   165.561
16:52:32.018   134.863   138.492   149.324   147.742   165.718
16:52:32.069   138.987   141.139   152.876   147.171   163.612
16:52:32.131   131.142   142.033   145.496   151.567   163.505
16:52:32.193   136.949   136.074   145.995   147.056   159.420
16:52:32.243   130.881   139.438   144.693   148.728   160.865
16:52:32.303   131.363   140.140   148.171   150.354   163.514
16:52:32.351   134.603   138.887   150.652   150.631   159.839
16:52:32.401   137.471   140.118   147.092   147.536   152.353
16:52:32.450   139.147   140.737   145.612   147.216   152.091
16:52:32.511   139.384   140.659   147.432   144.507   150.551
16:52:32.560   139.116   140.468   150.301   145.128   154.338
16:52:32.620   139.727   139.463   149.832   149.587   156.576
16:52:32.669   137.255   138.798   150.463   145.324   152.893
16:52:32.730   140.289   140.868   147.565   145.299   155.412
16:52:32.791   139.193   141.657   145.237   145.427   151.622
16:52:32.838   137.672   138.929   150.156   145.125   150.905
16:52:32.886   136.029   139.877   147.982   146.760   151.736
16:52:32.935   141.143   138.278   141.184   144.564   153.185
16:52:32.983   140.273   142.762   153.049   152.119   159.641
16:52:33.045   140.335   137.009   143.904   144.437   150.665
16:52:33.095   141.688   139.999   150.962   146.778   155.410
16:52:33.159   140.749   146.675   149.573   147.791   160.900
16:52:33.220   166.668   146.787   144.290   160.455   151.664
16:52:33.268   142.733   150.527   136.607   157.481   162.529
16:52:33.316   148.359   156.562   158.695   163.788   167.769
16:52:33.378   161.155   156.997   150.935   156.661   160.560
16:52:33.426   163.723   158.801   146.320   158.646   166.478
16:52:33.488   167.106   161.451   156.859   160.810   164.445
16:52:33.536   168.734   160.083   154.439   163.778   167.079
16:52:33.598   168.829   161.559   153.349   168.128   168.439
16:52:33.662   169.125   161.327   153.624   167.029   168.754
16:52:33.722   168.072   161.851   154.064   167.297   168.592
16:52:33.768   168.596   159.547   153.786   163.742   166.953
16:52:33.818   168.684   160.376   152.963   165.146   166.769
16:52:33.867   168.908   161.142   153.377   167.240   169.483
16:52:33.927   168.167   162.416   154.644   169.165   169.196
16:52:33.977   169.467   160.341   153.726   166.464   169.085
16:52:34.026   168.436   161.865   153.463   168.802   168.025
16:52:34.071   167.198   161.611   151.925   167.148   169.137
16:52:34.120   168.307   161.274   150.880   166.095   169.461
16:52:34.183   169.727   159.774   152.473   166.281   169.411
16:52:34.232   168.227   162.514   154.501   169.879   170.981
16:52:34.280   169.268   160.794   153.283   167.551   170.766
16:52:34.341   168.906   162.583   152.736   170.420   170.759
16:52:34.403   168.619   163.429   152.592   170.258   170.496
16:52:34.451   168.473   162.489   153.359   170.158   170.382
16:52:34.500   167.789   162.547   152.053   170.403   170.832
16:52:34.564   167.356   163.085   153.846   167.531   171.542
16:52:34.626   168.935   160.188   153.653   168.576   171.620
16:52:34.675   169.904   161.092   154.734   171.372   171.886
16:52:34.723   168.727   159.766   155.792   168.153   170.960
16:52:34.786   168.491   158.818   156.433   166.389   171.295
16:52:34.848   169.625   162.818   153.073   169.249   170.701
16:52:34.896   169.223   162.344   154.208   170.124   170.299
16:52:34.955   169.518   160.258   155.509   164.465   171.110
16:52:35.003   167.589   158.613   155.947   166.721   171.616
16:52:35.050   168.865   160.619   153.854   168.382   169.873
16:52:35.099   168.270   160.489   154.346   168.322   169.462
16:52:35.147   168.795   161.469   154.203   168.511   169.878
16:52:35.196   168.529   163.400   153.163   170.332   170.001
16:52:35.257   169.034   162.059   153.735   169.047   168.296
16:52:35.306   168.368   161.602   153.363   168.030   169.539
16:52:35.355   168.175   162.341   153.942   169.459   169.941
16:52:35.416   169.277   163.701   153.270   170.311   168.511
16:52:35.478   169.746   162.361   151.856   168.677   168.121
16:52:35.539   169.201   163.315   152.075   168.056   169.788
16:52:35.601   168.801   162.692   154.797   169.465   169.311
16:52:35.648   168.323   159.665   156.053   167.526   171.586
16:52:35.696   168.805   161.167   155.101   167.096   170.175
16:52:35.745   168.567   161.553   155.141   165.811   170.950
16:52:35.792   169.918   162.805   156.266   170.111   172.262
16:52:35.840   169.508   162.991   154.924   169.828   168.964
16:52:35.901   169.722   162.902   156.896   168.331   171.467
16:52:35.949   170.644   164.470   155.617   171.709   171.025
16:52:35.998   170.105   163.024   158.272   168.001   170.898
16:52:36.060   170.313   163.994   158.688   171.244   171.009
16:52:36.121   166.848   164.852   161.328   167.416   165.943
16:52:36.171   167.025   163.051   161.081   165.372   166.922
16:52:36.234   167.891   162.671   161.296   166.630   167.736
16:52:36.281   167.845   166.701   160.285   169.297   166.161
16:52:36.331   167.745   163.782   158.932   166.673   167.215
16:52:36.393   167.685   167.042   161.646   170.454   167.080
16:52:36.442   166.857   164.010   160.794   168.683   165.878
16:52:36.490   166.386   165.408   160.745   171.451   165.911
16:52:36.552   165.810   164.434   160.257   171.150   167.875
16:52:36.600   164.925   162.420   160.534   169.444   166.511
16:52:36.661   157.793   158.150   160.483   170.123   168.553
16:52:36.709   156.804   154.621   159.481   164.742   168.853
16:52:36.757   151.822   151.019   158.642   159.901   168.751
16:52:36.805   148.853   148.186   158.512   162.054   169.941
16:52:36.852   147.085   142.815   155.539   155.658   167.764
16:52:36.902   146.482   142.736   152.587   159.309   166.035
16:52:36.949   141.810   142.628   150.729   149.395   162.042
16:52:36.997   143.381   143.941   152.798   149.698   164.270
16:52:37.046   140.502   141.464   152.049   150.200   161.797
16:52:37.093   147.159   139.891   150.635   148.554   158.814
16:52:37.140   137.281   140.024   152.217   151.796   163.291
16:52:37.187   145.674   139.578   151.892   151.990   159.438
16:52:37.235   138.567   139.714   149.725   150.481   161.528
16:52:37.298   143.676   137.940   149.913   152.874   151.577
16:52:37.346   139.842   141.549   149.414   146.695   167.995
16:52:37.409   138.175   142.510   151.620   148.953   163.543
16:52:37.456   138.244   138.686   148.599   148.221   165.002
16:52:37.519   135.118   140.403   148.055   147.106   163.709
16:52:37.568   133.108   143.392   147.657   154.853   165.366
16:52:37.629   132.376   141.856   147.531   153.261   166.659
16:52:37.677   133.511   140.179   148.473   152.445   164.098
16:52:37.739   134.989   139.836   150.516   150.228   167.320
16:52:37.787   132.972   140.349   148.028   147.602   163.955
16:52:37.836   134.855   141.441   148.808   149.304   163.199
16:52:37.884   129.280   140.570   147.716   153.509   164.289
16:52:37.933   139.554   138.512   150.046   149.470   159.637
16:52:37.997   138.108   140.150   152.672   145.237   160.022
16:52:38.060   138.583   135.631   147.253   143.787   161.613
16:52:38.107   131.885   140.894   148.702   151.502   165.155
16:52:38.156   146.057   139.763   147.886   146.927   161.008
16:52:38.204   141.226   145.157   149.183   146.069   164.560
16:52:38.251   146.753   140.117   144.184   152.766   167.913
16:52:38.298   151.754   150.868   142.034   155.360   168.245
16:52:38.345   158.163   154.878   144.980   154.572   160.697
16:52:38.393   161.401   153.442   148.335   155.017   162.012
16:52:38.442   163.805   158.896   144.681   160.315   163.286
16:52:38.503   164.139   158.725   156.016   159.791   164.211
16:52:38.550   165.738   159.717   156.454   162.691   166.589
16:52:38.611   165.585   159.895   155.800   164.942   167.078
16:52:38.662   165.581   160.210   156.342   162.400   166.284
16:52:38.722   166.619   160.225   155.391   164.031   168.321
16:52:38.771   166.140   160.078   157.343   162.785   167.169
16:52:38.819   167.686   160.473   155.564   164.933   168.080
16:52:38.867   165.694   158.850   155.785   163.461   167.380
16:52:38.914   165.461   160.189   157.622   162.556   167.152
16:52:38.977   167.643   160.986   156.362   165.875   167.033
16:52:39.024   167.712   159.505   155.701   163.151   167.779
16:52:39.071   167.279   159.160   156.002   164.751   169.047
16:52:39.119   167.108   157.479   156.158   162.958   167.148
16:52:39.167   167.207   159.507   155.999   163.216   166.770
16:52:39.216   166.761   160.185   155.825   164.635   168.600
16:52:39.279   167.372   159.556   155.544   165.904   168.473
16:52:39.342   167.701   159.243   156.203   164.799   168.545
16:52:39.404   168.522   158.248   155.246   164.889   167.007
16:52:39.452   166.313   157.024   157.579   162.385   168.991
16:52:39.505   168.076   159.803   155.686   166.031   168.845
16:52:39.563   166.621   158.413   156.807   163.870   167.969
16:52:39.611   166.817   158.463   156.390   164.757   168.700
16:52:39.660   166.622   160.530   157.564   162.543   167.762
16:52:39.721   166.754   158.658   157.449   164.144   169.093
16:52:39.771   165.741   156.236   159.471   163.311   167.495
16:52:39.833   167.754   157.081   154.870   166.592   167.221
16:52:39.881   167.093   158.735   156.164   165.054   168.324
16:52:39.943   166.884   157.876   155.783   164.563   169.183
16:52:39.990   166.176   157.492   156.144   164.882   169.063
16:52:40.037   166.425   160.348   157.317   163.779   167.990
16:52:40.086   167.303   158.758   155.755   164.788   169.335
16:52:40.136   166.130   156.885   156.740   163.755   167.519
16:52:40.197   165.215   159.426   157.788   161.241   168.212
16:52:40.246   165.869   159.080   157.830   161.741   169.602
16:52:40.306   166.641   158.863   156.469   164.489   168.983
16:52:40.356   164.942   158.736   156.530   163.267   167.523
16:52:40.417   164.932   158.832   155.597   163.392   168.224
16:52:40.465   166.030   161.039   154.969   165.294   167.452
16:52:40.528   165.919   158.060   156.656   166.356   169.891
16:52:40.590   166.496   158.298   157.002   164.236   170.658
16:52:40.638   166.837   157.708   155.154   165.333   169.269
16:52:40.686   167.055   158.467   155.180   166.090   169.256
16:52:40.735   167.292   159.860   156.161   164.611   169.351
16:52:40.797   166.363   157.457   156.339   163.732   168.286
16:52:40.846   165.619   159.086   155.549   163.371   168.724
16:52:40.894   167.281   160.807   154.106   168.169   169.468
16:52:40.942   167.956   157.746   154.554   164.210   169.393
16:52:40.990   167.479   156.890   154.404   164.264   168.507
16:52:41.051   167.208   160.244   158.152   163.574   169.526
16:52:41.100   165.923   158.783   153.646   166.877   168.930
16:52:41.163   165.874   159.672   158.338   162.211   168.735
16:52:41.222   167.431   162.055   156.636   167.520   170.379
16:52:41.269   166.732   158.355   156.069   166.260   170.317
16:52:41.317   165.941   159.824   157.444   164.099   170.266
16:52:41.364   165.809   159.671   155.870   166.736   169.507
16:52:41.411   166.083   158.963   155.947   163.654   169.212
16:52:41.460   167.870   161.656   156.863   167.975   169.041
16:52:41.509   167.041   160.914   156.176   167.180   169.800
16:52:41.572   166.996   159.888   155.212   166.912   168.542
16:52:41.635   167.409   160.535   155.864   166.602   169.039
16:52:41.681   168.017   161.014   157.640   168.944   169.852
16:52:41.731   167.701   161.930   154.876   167.387   170.829
16:52:41.791   168.343   160.206   157.477   165.577   170.796
16:52:41.839   168.855   158.800   158.146   165.571   171.087
16:52:41.887   167.390   157.959   158.103   165.101   170.492
16:52:41.936   166.057   158.972   158.374   164.801   169.172
16:52:41.999   167.036   160.868   156.307   165.580   166.804
16:52:42.061   165.459   161.773   158.845   166.018   165.875
16:52:42.110   166.708   160.934   157.300   163.540   166.070
16:52:42.172   166.861   159.080   157.998   166.648   165.346
16:52:42.234   168.026   164.944   158.561   166.269   166.611
16:52:42.296   166.524   160.437   157.333   165.058   165.750
16:52:42.346   165.333   162.774   157.978   165.887   167.361
16:52:42.405   162.527   156.203   156.338   163.077   165.496
16:52:42.452   159.790   155.011   157.528   164.408   171.422
16:52:42.501   154.614   153.061   157.540   166.908   171.178
16:52:42.564   151.191   148.608   154.207   161.363   169.639
16:52:42.625   144.550   144.935   156.584   161.790   169.495
16:52:42.674   140.177   140.311   154.273   154.442   163.966
16:52:42.736   143.414   142.105   153.301   148.030   164.424
16:52:42.784   137.840   140.464   153.902   149.524   162.749
16:52:42.832   143.876   141.428   153.175   147.935   162.802
16:52:42.881   139.227   139.415   153.404   150.212   162.912
16:52:42.941   137.083   143.074   155.078   149.636   164.430
16:52:42.989   143.314   142.374   154.697   152.545   159.948
16:52:43.051   140.154   137.539   147.225   147.486   156.112
16:52:43.100   134.076   145.555   149.847   146.105   160.997
16:52:43.149   135.486   140.323   147.351   146.581   159.189
16:52:43.211   140.247   139.582   152.215   151.354   158.598
16:52:43.259   140.757   139.636   152.753   143.859   164.712
16:52:43.307   135.235   142.065   148.681   147.776   164.559
16:52:43.369   138.046   138.820   153.568   150.864   158.039
16:52:43.417   141.659   136.789   150.751   143.872   158.513
16:52:43.480   139.875   138.506   152.594   142.967   161.451
16:52:43.529   142.305   140.394   153.686   144.716   153.426
16:52:43.590   141.163   140.976   149.627   146.766   155.650
16:52:43.639   146.607   142.898   150.865   149.006   159.139
16:52:43.685   144.197   134.366   148.153   146.580   158.289
16:52:43.735   143.296   140.519   155.868   147.315   155.729
16:52:43.800   141.303   137.633   154.280   143.039   157.285
16:52:43.862   139.950   138.592   154.331   144.746   156.464
16:52:43.912   146.426   137.667   149.525   144.567   152.988
16:52:43.973   141.486   140.773   149.877   148.249   155.811
16:52:44.034   140.588   137.093   148.226   144.953   157.389
16:52:44.081   139.464   144.055   150.039   143.859   163.134
16:52:44.146   146.410   146.185   146.269   151.051   165.176
16:52:44.206   164.793   153.481   146.894   156.477   152.625
16:52:44.254   166.401   160.792   147.544   159.042   161.612
16:52:44.318   165.864   158.289   154.199   158.193   161.581
16:52:44.366   164.083   156.594   156.356   159.425   166.759
16:52:44.415   164.923   158.605   150.859   159.234   164.142
16:52:44.463   164.794   155.785   152.031   159.425   163.129
16:52:44.523   167.557   159.003   155.567   164.222   168.082
16:52:44.574   166.496   158.174   156.757   162.898   167.530
16:52:44.634   166.304   155.851   153.410   162.682   167.768
16:52:44.683   165.971   157.118   155.024   161.670   167.858
16:52:44.745   163.784   156.073   153.826   158.989   164.472
16:52:44.795   166.856   157.593   154.026   158.633   165.268
16:52:44.857   168.990   158.427   155.242   164.675   168.324
16:52:44.905   168.622   159.474   156.091   164.934   168.595
16:52:44.965   167.695   158.143   156.393   164.525   169.115
16:52:45.014   167.401   158.352   154.962   163.376   168.453
16:52:45.061   167.162   158.660   155.230   163.902   168.579
16:52:45.109   168.324   157.911   156.185   163.188   169.401
16:52:45.158   167.627   157.729   157.524   164.312   168.350
16:52:45.219   168.072   158.829   156.596   164.061   167.050
16:52:45.267   166.808   157.483   154.628   163.081   167.877
16:52:45.315   167.165   156.758   156.482   162.061   168.400
16:52:45.362   167.589   158.334   154.146   163.626   167.830
16:52:45.410   166.900   157.553   155.379   163.535   169.638
16:52:45.458   167.753   157.480   156.416   163.694   169.261
16:52:45.505   167.844   158.190   157.809   165.108   168.810
16:52:45.568   167.648   159.115   155.817   164.066   169.251
16:52:45.616   167.390   157.453   155.265   163.907   168.213
16:52:45.677   165.917   157.287   154.968   163.702   169.209
16:52:45.725   167.121   157.765   154.996   164.208   170.249
16:52:45.772   167.442   158.342   154.923   163.913   169.296
16:52:45.821   167.762   158.971   156.224   164.354   169.196
16:52:45.883   167.081   155.538   154.514   163.334   167.949
16:52:45.932   166.811   156.696   155.636   163.330   170.093
16:52:45.979   166.936   158.001   155.744   164.455   169.627
16:52:46.027   165.855   157.029   154.522   161.178   166.696
16:52:46.074   166.891   157.297   155.411   162.923   168.537
16:52:46.123   168.051   157.411   155.406   164.804   168.542
16:52:46.185   166.507   155.438   154.796   163.363   168.678
16:52:46.233   166.928   158.704   154.549   164.819   171.592
16:52:46.282   166.846   157.682   155.245   163.692   167.794
16:52:46.342   167.121   157.748   152.914   165.524   169.371
16:52:46.391   167.264   158.301   155.137   164.567   170.224
16:52:46.440   167.221   158.158   155.871   165.390   169.346
16:52:46.500   166.835   159.350   155.825   164.672   169.518
16:52:46.549   167.642   159.843   155.353   165.494   169.315
16:52:46.611   168.120   162.613   156.294   164.639   166.767
16:52:46.658   168.068   158.093   154.954   163.967   167.877
16:52:46.708   166.524   159.166   156.321   166.080   168.043
16:52:46.766   167.794   158.424   155.212   164.722   167.542
16:52:46.816   167.690   156.592   154.702   165.960   166.647
16:52:46.863   167.122   155.743   155.840   162.865   168.652
16:52:46.909   169.896   159.306   155.267   165.890   170.244
16:52:46.958   169.119   159.542   160.763   164.901   166.071
16:52:47.007   167.358   158.358   156.406   166.031   170.719
16:52:47.068   166.776   158.531   155.787   164.506   169.896
16:52:47.117   168.925   157.537   156.195   164.763   169.043
16:52:47.178   168.588   159.855   158.104   164.204   168.442
16:52:47.241   167.339   160.107   158.005   165.239   169.972
16:52:47.289   167.477   157.043   156.746   164.480   169.480
16:52:47.338   168.030   157.741   155.351   164.776   170.840
16:52:47.385   167.163   158.305   155.260   165.794   168.915
16:52:47.432   167.008   158.115   154.823   164.086   169.695
16:52:47.483   167.537   159.274   155.804   164.788   170.169
16:52:47.545   167.209   155.673   155.947   164.054   168.202
16:52:47.593   167.180   157.987   154.557   163.923   169.999
16:52:47.639   168.232   159.531   156.057   164.817   169.273
16:52:47.701   168.322   159.830   154.711   164.798   168.213
16:52:47.750   167.485   158.545   155.922   165.468   170.109
16:52:47.799   167.700   159.748   155.597   165.949   169.605
16:52:47.860   167.077   155.574   154.861   163.393   170.529
16:52:47.908   167.582   157.009   154.310   163.855   170.135
16:52:47.957   166.572   156.164   153.234   163.863   170.787
16:52:48.019   165.344   156.561   153.721   163.879   169.902
16:52:48.067   165.532   156.510   154.971   162.400   168.986
16:52:48.115   165.975   158.222   153.677   163.907   170.133
16:52:48.178   166.570   156.705   153.433   163.774   171.465
16:52:48.238   166.165   156.849   153.595   162.022   169.726
16:52:48.301   165.343   158.777   152.741   161.351   166.807
16:52:48.364   166.598   157.295   153.045   163.303   170.146
16:52:48.426   166.615   156.030   153.244   163.543   170.743
16:52:48.476   166.244   157.280   153.129   164.732   171.420
16:52:48.536   167.547   158.255   153.182   165.967   172.777
16:52:48.599   167.322   160.211   152.722   165.447   168.070
16:52:48.647   165.229   156.136   153.581   164.313   171.103
16:52:48.710   165.175   156.810   154.557   162.963   169.683
16:52:48.772   166.049   156.720   153.051   164.064   170.528
16:52:48.821   167.611   156.746   154.357   164.661   171.681
16:52:48.886   166.584   156.240   154.397   165.605   169.973
16:52:48.947   164.938   153.996   153.923   162.610   169.834
16:52:48.995   164.205   155.777   155.390   162.084   169.516
16:52:49.057   165.499   155.781   155.332   163.144   170.934
16:52:49.104   166.392   157.566   154.330   166.305   170.381
16:52:49.152   167.700   158.008   155.088   165.842   171.136
16:52:49.217   166.500   156.634   156.319   165.055   170.480
16:52:49.277   165.822   158.699   156.307   166.631   171.195
16:52:49.326   166.545   158.282   157.347   164.512   170.788
16:52:49.388   166.240   157.690   155.639   165.059   170.264
16:52:49.451   167.551   157.508   159.134   164.830   168.737
16:52:49.500   166.056   160.400   158.580   168.755   168.664
16:52:49.562   164.959   159.313   161.328   166.572   170.080
16:52:49.612   166.873   158.540   163.467   166.186   170.502
16:52:49.672   168.062   164.484   161.736   171.113   172.981
16:52:49.735   167.769   161.650   166.069   168.945   174.320
16:52:49.799   165.345   162.492   166.105   169.724   172.516
16:52:49.861   165.605   163.715   165.723   169.654   174.728
16:52:49.910   165.270   163.493   165.850   170.730   172.833
16:52:49.971   164.923   161.006   166.676   170.682   172.193
16:52:50.021   164.423   163.955   167.627   168.990   174.712
16:52:50.082   163.465   163.475   167.252   165.779   175.458
16:52:50.131   165.026   161.796   165.811   165.959   174.134
16:52:50.192   164.157   161.017   168.056   167.525   171.683
16:52:50.239   163.839   158.924   166.587   165.736   172.869
16:52:50.287   162.958   159.157   165.629   165.336   170.777
16:52:50.336   163.296   160.484   166.388   167.317   172.177
16:52:50.400   162.073   159.663   166.916   166.948   171.467
16:52:50.448   162.838   161.984   168.425   168.142   173.799
16:52:50.508   163.797   162.963   167.362   167.472   171.652
16:52:50.555   161.939   161.371   166.985   168.647   171.262
16:52:50.603   162.150   162.388   167.130   167.562   172.955
16:52:50.665   163.101   164.156   167.109   168.229   175.049
16:52:50.713   161.926   163.365   166.385   168.393   174.003
16:52:50.761   163.788   162.378   166.645   168.975   174.501
16:52:50.807   162.500   160.071   165.404   167.403   173.303
16:52:50.857   161.422   161.440   166.397   167.570   173.095
16:52:50.905   162.322   164.943   165.465   168.810   174.775
16:52:50.969   163.719   163.455   167.059   169.663   174.182
16:52:51.031   162.445   163.590   166.617   168.898   175.632
16:52:51.078   161.142   161.763   166.624   169.196   173.817
16:52:51.140   162.305   163.456   166.883   169.627   173.717
16:52:51.202   161.523   161.385   165.943   169.452   174.145
16:52:51.251   162.972   163.971   166.937   169.965   174.183
16:52:51.315   163.435   159.144   165.661   167.414   173.823
16:52:51.363   162.133   163.701   167.659   169.851   172.148
16:52:51.425   163.533   162.849   168.116   168.994   173.382
16:52:51.473   164.082   165.016   167.512   168.803   174.755
16:52:51.536   162.056   162.262   167.900   169.630   174.826
16:52:51.584   162.494   162.695   168.870   169.462   173.825
16:52:51.645   163.308   162.834   165.376   168.690   174.393
16:52:51.693   163.116   163.735   167.025   170.541   175.586
16:52:51.741   163.252   164.545   169.445   170.559   174.634
16:52:51.803   162.745   163.392   166.285   170.566   174.333
16:52:51.853   161.695   162.163   167.831   170.670   173.419
16:52:51.899   162.722   164.109   168.826   170.433   174.163
16:52:51.949   161.584   162.647   169.723   169.477   174.967
16:52:52.010   163.409   164.101   168.854   171.098   174.515
16:52:52.059   161.856   164.198   168.033   170.524   175.267
16:52:52.120   165.681   161.987   164.250   170.635   175.055
16:52:52.183   163.858   165.094   170.529   170.621   174.284
16:52:52.232   163.075   162.366   163.516   169.302   171.992
16:52:52.294   162.657   159.938   164.515   167.609   173.409
16:52:52.343   162.113   163.234   168.266   170.392   175.305
16:52:52.405   162.988   165.076   170.403   171.259   175.011
16:52:52.453   162.349   164.157   170.321   170.750   175.653
16:52:52.517   162.461   161.930   167.070   170.912   175.326
16:52:52.579   162.554   163.238   169.657   170.962   174.286
16:52:52.643   162.670   165.656   169.209   171.617   175.525
16:52:52.703   161.370   161.818   168.572   170.185   174.170
16:52:52.753   161.477   164.148   168.763   171.658   174.722
16:52:52.815   163.771   161.624   166.059   168.690   173.633
16:52:52.865   162.923   160.367   164.586   169.337   174.264
16:52:52.928   162.156   165.333   169.072   171.639   174.457
16:52:52.990   162.671   163.304   169.008   173.432   173.746
16:52:53.038   160.734   164.604   167.822   171.541   175.087
16:52:53.085   160.794   163.039   169.157   170.620   175.158
16:52:53.135   163.010   165.498   169.020   172.167   174.482
16:52:53.199   163.695   160.484   165.439   169.196   172.623
16:52:53.258   161.953   162.832   166.937   170.687   176.388
16:52:53.307   162.320   163.130   169.631   170.428   174.988
16:52:53.355   164.671   164.174   170.822   171.277   173.827
16:52:53.408   161.862   164.389   170.220   172.756   173.953
16:52:53.468   163.753   162.118   165.991   170.409   174.662
16:52:53.516   162.675   162.678   168.512   170.275   175.658
16:52:53.577   162.270   162.753   170.730   170.739   173.774
16:52:53.627   163.602   161.025   167.350   169.668   174.975
16:52:53.689   161.166   162.427   169.299   169.517   174.178
16:52:53.735   161.442   163.532   169.389   171.530   174.581
16:52:53.798   162.951   162.153   169.733   170.701   173.083
16:52:53.847   159.872   160.893   168.498   170.291   173.375
16:52:53.908   162.246   161.150   166.933   170.314   174.773
16:52:53.959   160.655   162.419   169.085   170.225   174.760
16:52:54.020   162.232   162.451   168.924   170.239   174.602
16:52:54.070   162.784   161.246   165.625   169.706   174.706
16:52:54.132   161.902   164.392   169.688   170.528   174.425
16:52:54.194   159.928   162.402   169.827   170.639   174.830
16:52:54.241   161.211   162.669   169.403   170.739   174.529
16:52:54.290   163.537   159.529   168.304   170.649   172.037
16:52:54.338   162.655   160.350   166.475   169.435   173.670
16:52:54.385   161.482   163.703   168.699   170.891   174.986
16:52:54.435   160.654   162.078   170.248   170.269   174.664
16:52:54.497   161.225   163.502   168.162   170.425   175.720
16:52:54.545   162.055   163.046   168.807   170.381   173.813
16:52:54.594   163.213   161.455   163.957   168.452   172.399
16:52:54.657   161.731   164.189   166.284   171.429   175.821
16:52:54.706   160.764   166.192   169.301   171.187   176.422
16:52:54.770   161.281   161.142   167.304   170.158   172.271
16:52:54.831   160.534   164.296   169.867   171.325   176.168
16:52:54.879   160.200   163.717   168.601   172.570   174.916
16:52:54.926   160.900   163.758   167.054   171.441   175.830
16:52:54.975   160.294   163.804   169.691   170.465   175.716
16:52:55.037   161.304   165.657   169.292   172.316   175.099
16:52:55.084   160.518   163.227   170.461   170.947   174.907
16:52:55.147   162.160   164.444   167.912   171.358   176.026
16:52:55.208   162.946   163.263   167.419   172.113   173.124
16:52:55.255   161.165   162.462   170.277   169.475   174.433
16:52:55.303   163.528   163.483   166.910   172.297   174.365
16:52:55.351   161.645   164.449   168.577   170.764   175.803
16:52:55.400   159.908   164.812   168.157   171.830   174.960
16:52:55.462   162.463   160.906   168.239   169.015   173.145
16:52:55.510   160.534   163.751   170.833   169.992   176.006
16:52:55.559   160.150   162.258   168.025   170.956   175.085
16:52:55.606   161.163   164.521   168.829   169.727   176.088
16:52:55.654   159.498   165.785   169.245   172.270   175.880
16:52:55.717   161.478   164.187   167.933   170.924   174.945
16:52:55.780   161.386   161.216   166.297   168.625   172.704
16:52:55.827   161.964   164.562   167.390   172.022   176.297
16:52:55.876   161.613   165.008   170.043   172.347   175.887
16:52:55.938   161.195   162.813   166.504   169.749   175.235
16:52:55.988   161.806   164.452   168.356   170.256   176.056
16:52:56.049   161.701   164.093   167.127   172.635   172.958
16:52:56.096   161.711   160.071   165.899   168.962   173.574
16:52:56.146   160.925   165.303   169.728   171.656   176.114
16:52:56.207   160.035   167.998   169.698   172.973   176.474
16:52:56.269   160.606   163.778   167.963   172.502   175.789
16:52:56.333   160.863   162.682   167.563   171.122   174.000
16:52:56.394   161.093   167.074   168.983   173.141   174.716
16:52:56.441   161.044   166.245   170.139   172.408   176.235
16:52:56.490   160.218   163.647   167.174   172.100   175.028
16:52:56.538   159.507   161.991   167.166   171.317   175.006
16:52:56.585   163.111   166.600   167.978   174.144   177.476
16:52:56.633   160.736   169.690   170.284   172.245   174.883
16:52:56.681   160.731   164.298   168.756   171.726   175.372
16:52:56.728   160.901   162.576   167.034   170.191   175.435
16:52:56.777   161.298   164.300   167.215   171.485   173.001
16:52:56.823   161.053   165.190   168.476   171.506   176.209
16:52:56.871   161.257   163.917   169.092   170.089   175.608
16:52:56.935   162.063   162.603   166.647   169.998   174.441
16:52:56.996   161.132   171.549   168.544   173.653   173.224
16:52:57.044   160.920   166.695   168.991   172.743   175.792
16:52:57.093   161.051   164.532   170.024   170.750   175.759
16:52:57.155   158.817   162.913   168.267   172.189   174.484
16:52:57.216   161.234   167.165   169.140   172.224   173.728
16:52:57.278   160.972   164.289   167.408   173.153   173.834
16:52:57.326   161.080   164.559   167.856   170.858   175.374
16:52:57.373   161.115   163.786   168.433   170.293   175.609
16:52:57.420   162.167   164.208   167.752   171.099   175.306
16:52:57.483   162.276   161.946   165.777   171.106   175.456
16:52:57.544   161.910   162.760   167.918   169.079   174.917
16:52:57.590   161.489   163.651   168.869   171.595   175.814
16:52:57.637   162.970   164.506   168.433   170.948   174.912
16:52:57.685   161.782   162.276   167.895   171.794   173.407
16:52:57.735   161.632   163.969   168.440   170.787   174.684
16:52:57.798   161.327   165.660   170.247   173.517   174.737
16:52:57.845   163.218   159.339   167.478   168.766   173.280
16:52:57.906   162.162   164.340   169.512   170.484   175.132
16:52:57.969   161.712   166.609   167.962   171.678   176.172
16:52:58.017   161.145   164.353   170.197   171.393   173.508
16:52:58.079   162.083   162.905   168.651   170.477   173.582
16:52:58.134   161.167   162.133   170.348   170.061   173.774
16:52:58.191   161.580   163.549   168.943   171.067   175.223
16:52:58.253   161.861   164.114   169.648   171.390   176.126
16:52:58.302   161.670   162.562   170.128   170.278   174.264
16:52:58.349   161.721   162.760   168.042   170.114   175.572
16:52:58.396   162.038   164.250   169.641   170.976   174.448
16:52:58.444   163.100   161.711   168.247   171.186   174.432
16:52:58.505   163.606   160.520   165.177   169.099   173.903
16:52:58.555   162.369   163.816   166.631   171.345   176.037
16:52:58.619   162.387   165.737   167.731   171.894   176.552
16:52:58.682   161.112   161.211   169.616   169.412   173.353
16:52:58.730   162.311   163.169   166.751   171.233   173.865
16:52:58.778   163.006   163.142   166.845   172.649   174.605
16:52:58.840   162.503   164.624   167.646   170.029   174.714
16:52:58.889   162.419   162.187   166.037   171.175   175.427
16:52:58.951   161.927   161.344   168.489   168.520   173.527
16:52:59.011   163.444   165.397   168.087   170.440   175.717
16:52:59.060   162.686   162.289   168.042   170.539   174.384
16:52:59.122   161.329   165.439   168.089   171.465   176.671
16:52:59.169   163.063   161.909   166.225   171.161   175.821
16:52:59.218   161.341   160.265   167.746   169.132   173.539
16:52:59.276   163.049   163.171   169.135   170.327   175.695
16:52:59.338   161.561   161.898   170.177   170.036   175.349
16:52:59.389   162.393   163.184   168.257   170.147   175.893
16:52:59.448   163.444   163.909   169.880   170.179   176.320
16:52:59.496   163.836   161.263   168.574   170.684   174.222
16:52:59.559   162.428   163.574   169.450   171.386   175.850
16:52:59.607   163.278   164.278   169.551   169.916   175.719
16:52:59.654   163.859   164.125   169.340   169.944   176.191
16:52:59.702   164.176   163.036   167.207   169.654   176.054
16:52:59.750   163.694   162.714   168.337   169.206   175.264
16:52:59.812   163.383   164.219   167.911   169.059   177.110
16:52:59.861   164.250   164.814   167.687   170.178   176.235
16:52:59.924   161.851   164.924   168.506   169.973   176.121
16:52:59.972   163.064   165.958   170.498   170.543   176.163
16:53:00.035   163.319   164.354   169.662   172.130   175.802
16:53:00.098   164.070   163.838   166.948   170.941   176.285
16:53:00.148   163.268   163.275   167.303   171.601   176.151
16:53:00.210   163.851   163.618   166.442   170.496   174.270
16:53:00.257   162.171   166.207   170.268   170.786   176.799
16:53:00.306   161.987   162.751   168.695   171.188   176.475
16:53:00.353   163.565   163.631   165.146   170.886   175.775
16:53:00.400   163.214   162.306   164.745   169.366   175.093
16:53:00.463   165.137   164.375   167.072   169.605   176.548
16:53:00.511   163.007   162.494   165.019   167.922   175.954
16:53:00.573   163.035   164.378   167.495   170.563   174.568
16:53:00.622   162.744   165.157   167.657   170.730   175.046
16:53:00.684   162.338   162.940   169.675   169.835   175.971
16:53:00.748   161.720   163.057   168.058   170.673   175.099
16:53:00.796   163.065   161.503   167.135   168.907   173.780
16:53:00.857   164.249   163.154   167.285   167.880   175.241
16:53:00.905   162.930   163.594   167.767   171.438   174.524
16:53:00.952   164.190   163.889   169.320   171.078   176.495
16:53:00.999   162.141   162.760   168.632   172.101   175.170
16:53:01.049   165.160   162.683   168.473   169.119   175.569
16:53:01.111   163.230   164.299   166.604   171.602   174.661
16:53:01.159   162.786   163.276   167.153   170.897   174.436
16:53:01.221   162.412   161.966   167.420   168.077   174.411
16:53:01.270   164.011   166.035   166.965   170.016   177.344
16:53:01.332   162.904   162.148   167.876   169.912   175.492
16:53:01.393   163.754   163.764   167.869   170.320   176.463
16:53:01.442   164.079   164.614   168.499   170.186   175.604
16:53:01.503   163.214   163.280   167.396   170.402   175.610
16:53:01.564   163.675   162.739   167.987   169.041   176.484
16:53:01.613   163.383   161.521   165.721   167.877   174.357
16:53:01.660   163.962   164.163   168.226   168.424   175.052
16:53:01.709   163.237   163.872   169.155   170.096   174.709
16:53:01.756   164.517   162.818   168.626   168.613   175.417
16:53:01.802   162.970   162.572   165.847   170.753   176.020
16:53:01.851   164.030   164.331   168.211   170.084   176.010
16:53:01.900   163.152   164.917   169.497   169.675   175.425
16:53:01.961   162.701   164.609   168.727   170.702   176.466
16:53:02.012   163.324   163.451   168.352   169.980   176.281
16:53:02.073   164.047   163.438   163.596   170.575   176.582
16:53:02.121   163.397   163.728   166.761   170.366   175.191
16:53:02.168   163.005   162.654   166.764   169.819   175.492
16:53:02.217   163.614   163.119   167.423   169.407   176.423
16:53:02.280   163.255   163.668   168.417   170.333   176.061
16:53:02.328   163.150   164.501   168.015   167.836   176.038
16:53:02.376   163.738   163.784   169.861   170.547   176.410
16:53:02.423   162.886   162.965   169.568   170.221   175.173
16:53:02.471   162.235   161.986   166.502   171.239   175.806
16:53:02.519   163.013   165.458   167.058   170.606   175.863
16:53:02.567   164.056   163.299   167.931   169.398   175.027
16:53:02.629   163.599   164.588   168.289   170.562   176.206
16:53:02.677   162.272   164.662   168.146   170.581   175.903
16:53:02.738   163.786   163.929   167.346   171.370   175.560
16:53:02.786   162.905   163.153   167.890   171.117   174.539
16:53:02.846   162.248   162.240   168.346   170.438   175.757
16:53:02.895   163.931   163.124   167.620   169.426   176.110
16:53:02.944   164.045   163.871   169.142   171.159   176.483
16:53:03.005   161.924   163.016   166.072   170.150   175.417
16:53:03.067   162.701   163.914   168.426   169.331   176.445
16:53:03.118   163.358   164.134   168.456   170.370   176.861
16:53:03.179   163.455   163.348   168.014   169.215   175.656
16:53:03.226   164.221   164.102   168.164   170.814   176.163
16:53:03.275   162.850   162.901   166.785   170.198   174.925
16:53:03.322   163.865   163.415   169.187   171.022   176.324
16:53:03.369   162.146   162.368   169.849   171.598   175.217
16:53:03.418   162.648   162.422   166.641   170.939   175.124
16:53:03.465   163.612   164.300   168.072   171.514   175.436
16:53:03.512   163.004   163.033   167.567   170.081   175.359
16:53:03.575   163.083   162.179   168.084   167.767   174.450
16:53:03.637   164.683   164.394   168.342   170.735   176.347
16:53:03.686   164.414   160.959   166.610   170.291   173.417
16:53:03.733   164.654   161.385   168.358   169.937   171.796
16:53:03.782   165.329   161.031   168.438   170.122   171.968
16:53:03.832   164.905   162.229   166.885   169.399   170.821
16:53:03.895   163.724   162.048   167.210   172.267   170.772
16:53:03.955   164.356   163.385   167.073   171.077   169.349
16:53:04.018   164.276   162.302   166.428   169.381   169.708
16:53:04.080   164.446   161.086   168.705   168.844   170.753
16:53:04.128   164.100   162.375   168.368   169.170   170.031
16:53:04.189   162.551   162.293   167.886   169.720   171.316
16:53:04.250   162.574   162.266   167.135   169.815   169.782
16:53:04.298   161.473   161.775   168.843   169.589   171.413
16:53:04.346   158.872   160.008   167.554   168.215   169.268
16:53:04.406   157.457   161.735   168.074   170.500   172.372
16:53:04.456   155.074   159.534   166.114   168.057   169.648
16:53:04.517   149.568   158.409   164.916   165.988   171.727
16:53:04.565   151.302   158.875   161.972   165.024   168.732
16:53:04.612   156.779   158.778   161.018   167.833   173.257
16:53:04.661   143.058   149.756   163.578   165.844   169.021
16:53:04.708   147.912   151.449   159.813   163.868   171.063
16:53:04.755   132.471   152.019   161.433   168.470   174.690
16:53:04.803   130.199   148.132   161.628   172.092   174.283
16:53:04.851   130.399   142.682   160.283   167.508   169.860
16:53:04.899   128.873   145.400   153.746   165.538   167.330
16:53:04.946   122.998   145.356   157.575   165.069   170.162
16:53:05.009   122.316   143.593   152.197   163.284   165.567
16:53:05.072   122.845   144.866   150.839   164.220   166.325
16:53:05.118   122.447   144.602   151.443   165.033   166.714
16:53:05.167   124.325   144.473   153.058   161.302   166.658
16:53:05.230   121.414   144.092   154.008   160.619   168.259
16:53:05.277   125.616   146.566   152.747   166.428   164.071
16:53:05.326   120.123   147.446   152.580   160.342   167.948
16:53:05.388   119.154   143.715   152.802   159.298   168.468
16:53:05.435   123.278   146.010   152.828   166.347   166.888
16:53:05.486   120.810   142.320   151.705   162.273   169.041
16:53:05.548   121.235   145.350   153.898   163.683   168.280
16:53:05.608   121.058   146.338   153.572   163.281   167.934
16:53:05.656   121.290   144.340   151.722   164.691   166.994
16:53:05.704   120.037   144.661   152.434   163.361   168.465
16:53:05.766   122.537   143.870   151.461   162.211   167.301
16:53:05.815   129.658   139.835   150.165   159.143   168.553
16:53:05.877   129.960   140.676   152.133   156.795   167.211
16:53:05.923   132.951   144.879   154.986   157.829   171.927
16:53:05.971   134.309   149.763   158.523   160.773   172.907
16:53:06.020   136.007   150.511   158.474   159.950   173.225
16:53:06.068   132.670   149.817   156.743   162.817   172.555
16:53:06.129   137.342   146.921   154.934   159.674   166.058
16:53:06.191   145.985   146.388   157.390   158.396   171.674
16:53:06.254   150.698   153.243   159.789   160.358   170.252
16:53:06.316   156.483   152.979   161.206   158.412   170.841
16:53:06.365   157.103   154.936   159.714   162.181   169.768
16:53:06.428   155.740   156.060   161.860   162.603   168.842
16:53:06.490   156.740   156.959   162.061   162.499   169.019
16:53:06.538   159.490   158.418   161.679   165.071   167.609
16:53:06.585   158.929   158.256   163.982   162.063   168.344
16:53:06.635   161.398   160.224   165.131   162.689   171.813
16:53:06.695   158.752   161.132   164.409   165.167   171.220
16:53:06.756   161.840   160.419   164.513   165.175   169.836
16:53:06.804   162.656   162.586   166.080   166.273   173.371
16:53:06.867   163.090   168.153   167.438   168.003   173.579
16:53:06.929   161.427   163.517   163.977   169.250   171.857
16:53:06.989   161.820   164.756   165.104   169.222   173.655
16:53:07.036   161.133   164.252   165.395   168.666   172.985
16:53:07.086   161.807   163.772   163.250   169.546   173.089
16:53:07.147   160.219   165.769   166.540   169.863   174.087
16:53:07.196   161.004   165.410   166.575   168.582   173.372
16:53:07.257   161.459   162.561   164.075   169.430   173.917
16:53:07.305   161.941   164.365   161.678   170.658   169.941
16:53:07.353   161.943   163.775   163.131   169.365   174.633
16:53:07.401   161.511   164.065   162.571   169.452   172.397
16:53:07.462   161.349   164.018   162.073   170.687   173.558
16:53:07.511   159.080   165.341   165.172   167.506   171.749
16:53:07.560   161.122   162.798   163.114   169.019   174.672
16:53:07.623   161.262   166.216   164.575   168.246   171.648
16:53:07.685   160.387   162.192   161.537   169.394   173.909
16:53:07.732   161.443   163.071   164.361   170.143   173.393
16:53:07.780   160.556   162.241   163.566   169.543   172.084
16:53:07.833   160.484   162.388   163.391   170.506   174.015
16:53:07.890   161.404   164.690   162.036   168.210   171.432
16:53:07.938   161.279   164.074   161.667   170.545   174.869
16:53:07.987   161.897   164.567   163.581   170.870   173.098
16:53:08.034   161.720   165.471   164.812   171.992   175.906
16:53:08.083   162.884   164.347   163.837   168.002   174.309
16:53:08.145   162.408   164.828   163.130   170.401   176.257
16:53:08.209   163.512   165.949   165.058   174.047   174.883
16:53:08.257   162.147   163.204   163.307   170.980   174.711
16:53:08.304   163.091   161.858   164.306   168.740   173.881
16:53:08.365   162.253   163.259   165.237   170.911   175.566
16:53:08.414   161.990   160.869   163.619   170.890   170.228
16:53:08.474   162.607   162.845   164.236   171.774   173.654
16:53:08.536   162.417   162.474   165.065   171.305   172.867
16:53:08.586   161.312   161.599   163.215   172.228   171.769
16:53:08.647   164.126   167.239   161.434   173.667   171.526
16:53:08.696   161.593   163.932   165.468   168.744   174.413
16:53:08.743   161.804   166.323   161.477   173.550   170.282
16:53:08.791   159.197   163.960   162.135   169.135   174.071
16:53:08.838   161.574   163.953   162.408   167.842   169.036
16:53:08.885   159.042   163.116   163.577   168.790   171.904
16:53:08.934   160.093   163.633   164.155   169.861   170.953
16:53:08.982   158.415   163.144   164.125   169.872   167.951
16:53:09.045   160.797   164.753   164.139   168.121   169.304
16:53:09.093   158.654   164.007   162.920   169.492   170.681
16:53:09.155   160.445   163.592   159.883   168.576   171.144
16:53:09.218   157.539   165.722   161.138   167.349   172.456
16:53:09.267   159.427   164.204   159.560   168.047   170.870
16:53:09.329   157.388   158.253   164.954   163.191   168.770
16:53:09.377   155.801   163.581   161.473   168.519   169.104
16:53:09.424   154.217   161.231   158.193   164.524   168.352
16:53:09.473   152.969   158.588   151.316   165.998   165.145
16:53:09.533   151.347   162.347   153.369   168.454   168.776
16:53:09.582   155.441   161.460   153.685   171.941   168.344
16:53:09.629   154.940   159.561   157.003   168.834   164.959
16:53:09.693   158.742   163.640   159.183   172.785   171.562
16:53:09.740   165.589   161.780   158.279   170.912   168.899
16:53:09.787   167.642   160.234   161.096   169.516   172.237
16:53:09.836   167.947   157.533   167.307   171.719   173.463
16:53:09.885   167.407   164.047   168.036   173.006   173.182
16:53:09.933   165.484   161.829   163.926   173.508   168.908
16:53:09.995   162.738   165.689   160.501   174.522   167.444
16:53:10.042   168.855   167.283   163.964   172.177   172.518
16:53:10.091   170.683   163.560   164.749   176.409   173.769
16:53:10.138   170.644   165.108   161.174   178.765   170.033
16:53:10.186   169.104   162.895   158.607   178.450   168.009
16:53:10.236   166.388   166.231   155.938   176.754   170.266
16:53:10.299   168.056   159.017   159.779   172.092   167.320
16:53:10.346   166.611   161.840   158.785   176.314   165.698
16:53:10.394   163.284   160.971   157.712   176.184   168.052
16:53:10.443   165.553   160.314   155.513   172.383   167.227
16:53:10.503   161.080   160.150   156.201   175.012   167.432
16:53:10.566   162.341   158.499   158.617   170.815   165.757
16:53:10.614   163.579   159.417   159.810   172.280   165.460
16:53:10.675   161.361   159.516   157.514   175.137   165.495
16:53:10.748   162.828   161.312   158.135   174.973   166.553
16:53:10.806   162.802   159.509   158.474   172.371   165.238
16:53:10.865   161.460   162.379   156.117   177.958   167.792
16:53:10.913   165.644   161.399   159.113   174.748   168.731
16:53:10.962   166.514   159.676   160.080   172.363   168.953
16:53:11.024   168.109   161.723   159.575   171.649   166.635
16:53:11.072   165.827   158.843   160.905   169.387   167.281
16:53:11.134   166.712   158.448   160.231   170.777   166.995
16:53:11.181   166.187   161.407   159.397   172.874   169.269
16:53:11.244   167.564   159.149   155.456   170.561   165.250
16:53:11.291   166.260   161.868   158.034   173.782   165.473
16:53:11.339   168.421   162.168   158.833   176.663   167.159
16:53:11.388   166.051   161.918   156.834   174.691   164.299
