17:11:18.193   174.462   152.690   169.535   158.042   164.362
17:11:18.251   169.003   152.923   167.787   161.338   164.778
17:11:18.313   172.598   152.996   171.476   162.050   169.303
17:11:18.375   172.327   150.040   164.176   153.894   158.722
17:11:18.423   169.455   153.196   166.579   158.905   164.028
17:11:18.486   169.368   154.117   164.073   156.235   165.998
17:11:18.535   164.940   148.204   162.221   162.815   163.743
17:11:18.596   165.214   148.719   163.964   162.970   165.398
17:11:18.650   166.757   152.634   165.159   163.556   167.150
17:11:18.707   165.424   152.282   163.152   164.869   168.472
17:11:18.771   172.887   155.424   158.368   165.334   167.215
17:11:18.833   168.569   156.033   164.438   164.017   164.680
17:11:18.880   169.127   156.544   166.362   167.656   165.878
17:11:18.928   165.646   151.378   163.033   164.652   164.697
17:11:18.977   167.220   150.084   164.848   166.653   168.181
17:11:19.039   168.398   150.799   166.217   167.995   167.786
17:11:19.085   169.527   151.834   163.751   170.354   166.322
17:11:19.139   169.205   153.185   165.099   165.713   167.407
17:11:19.197   163.692   149.950   164.695   163.912   163.621
17:11:19.244   162.707   149.073   162.384   161.162   160.137
17:11:19.293   160.836   150.022   166.155   163.015   163.963
17:11:19.356   161.938   148.892   161.310   158.863   160.293
17:11:19.404   159.480   152.462   165.714   161.331   163.918
17:11:19.466   161.504   157.085   167.497   163.141   168.122
17:11:19.513   159.842   153.173   167.059   161.574   164.860
17:11:19.560   159.390   151.662   164.859   160.349   164.138
17:11:19.609   158.088   153.054   164.886   160.411   164.080
17:11:19.657   159.023   154.184   167.100   161.874   164.761
17:11:19.706   161.168   154.856   165.767   164.275   165.097
17:11:19.769   159.072   154.973   165.547   164.640   165.617
17:11:19.830   162.755   153.379   163.503   161.971   166.651
17:11:19.877   161.236   152.420   167.956   161.592   166.440
17:11:19.925   161.181   153.380   165.698   163.591   167.035
17:11:19.987   161.240   151.979   162.304   162.381   165.367
17:11:20.035   160.193   157.983   164.314   165.849   166.406
17:11:20.084   161.370   156.842   166.186   164.520   168.768
17:11:20.149   160.336   156.813   164.827   165.387   168.732
17:11:20.211   161.169   156.024   164.924   165.005   166.966
17:11:20.258   160.306   157.162   164.601   164.232   169.355
17:11:20.305   160.870   154.642   165.271   165.037   168.357
17:11:20.354   159.178   156.924   164.772   166.429   165.529
17:11:20.418   159.512   158.702   164.986   166.282   167.379
17:11:20.480   159.499   155.047   166.634   164.011   166.038
17:11:20.530   160.605   157.727   165.016   165.923   167.731
17:11:20.590   159.801   156.461   166.581   164.827   166.678
17:11:20.639   159.605   157.119   165.209   164.615   166.352
17:11:20.702   160.947   157.618   165.167   165.902   168.261
17:11:20.751   158.300   154.042   167.938   162.418   166.954
17:11:20.798   160.391   158.651   164.209   166.487   166.535
17:11:20.845   159.876   154.056   167.436   163.094   167.076
17:11:20.907   159.773   156.990   166.503   165.023   166.966
17:11:20.953   160.644   154.876   169.913   165.307   166.491
17:11:21.004   161.005   156.296   167.379   163.207   166.357
17:11:21.067   160.466   154.099   166.540   164.893   165.521
17:11:21.131   159.819   156.630   167.742   165.003   167.890
17:11:21.191   160.868   155.304   167.411   164.769   166.328
17:11:21.240   161.081   156.458   166.078   165.288   167.021
17:11:21.288   160.336   155.653   166.550   165.464   167.131
17:11:21.349   161.400   156.463   167.332   163.217   167.280
17:11:21.397   158.841   153.606   168.492   164.019   165.976
17:11:21.444   161.896   154.609   166.663   163.338   166.591
17:11:21.492   158.284   153.056   168.140   162.701   165.082
17:11:21.539   161.400   155.561   166.038   164.037   167.260
17:11:21.604   160.092   153.030   167.872   163.424   165.846
17:11:21.664   159.466   156.096   167.120   163.788   166.497
17:11:21.711   160.855   156.157   166.427   164.662   166.735
17:11:21.760   160.873   152.179   165.650   163.302   164.944
17:11:21.822   160.015   154.882   165.020   164.345   166.017
17:11:21.885   159.938   153.771   165.605   162.784   164.111
17:11:21.933   159.890   157.046   166.374   164.305   167.799
17:11:21.980   159.351   154.578   166.036   163.604   164.880
17:11:22.028   159.458   156.100   166.689   164.565   167.437
17:11:22.076   160.854   155.302   166.997   165.317   165.514
17:11:22.139   159.534   155.350   166.065   165.680   165.387
17:11:22.201   160.759   153.359   165.980   163.560   165.120
17:11:22.263   160.916   156.039   166.392   164.224   166.984
17:11:22.311   160.230   154.798   166.587   163.088   164.625
17:11:22.375   159.888   153.882   166.776   165.094   165.271
17:11:22.435   160.016   155.185   165.792   162.572   165.734
17:11:22.496   161.325   153.578   164.794   162.158   165.813
17:11:22.545   160.942   155.351   166.744   164.849   165.920
17:11:22.609   160.059   153.310   166.831   163.457   165.461
17:11:22.671   159.165   155.115   166.827   162.771   166.257
17:11:22.732   160.543   153.771   164.164   162.585   166.957
17:11:22.779   160.721   154.298   167.178   164.670   164.188
17:11:22.842   159.379   153.758   169.103   161.396   164.825
17:11:22.889   160.046   155.094   165.401   164.548   167.693
17:11:22.938   159.478   156.340   166.810   165.931   166.389
17:11:22.998   160.158   155.280   167.169   164.220   166.737
17:11:23.046   160.848   155.295   166.201   164.178   165.746
17:11:23.095   161.303   153.427   165.165   162.647   166.009
17:11:23.160   160.072   155.668   166.895   164.154   165.816
17:11:23.220   160.419   154.761   165.965   162.762   165.254
17:11:23.267   159.275   154.703   168.146   163.158   164.957
17:11:23.314   159.092   154.069   166.180   161.930   166.172
17:11:23.362   159.405   154.403   166.205   164.312   164.611
17:11:23.423   158.955   154.323   168.041   163.737   166.846
17:11:23.472   160.969   153.826   166.822   162.745   165.057
17:11:23.520   159.854   153.201   168.077   163.593   165.534
17:11:23.582   160.157   153.478   165.362   161.531   165.620
17:11:23.631   162.214   155.190   165.766   164.206   166.064
17:11:23.678   160.568   152.995   166.682   163.892   165.507
17:11:23.742   160.693   154.425   167.728   162.839   165.596
17:11:23.804   160.698   154.656   167.509   164.247   165.989
17:11:23.866   160.377   154.980   166.661   163.344   165.083
17:11:23.914   159.727   157.018   166.478   165.187   166.665
17:11:23.961   162.246   154.553   166.382   163.130   166.868
17:11:24.010   158.455   154.216   167.560   164.599   165.511
17:11:24.072   159.894   155.863   166.074   162.415   166.375
17:11:24.137   160.542   155.480   166.048   163.524   166.335
17:11:24.197   163.024   156.859   165.995   164.369   168.060
17:11:24.258   159.895   153.459   168.194   161.594   166.807
17:11:24.307   161.039   155.844   167.836   163.246   166.356
17:11:24.356   162.046   155.631   168.130   163.718   168.538
17:11:24.417   162.595   154.819   166.313   162.328   167.725
17:11:24.466   158.675   155.920   166.409   164.174   166.794
17:11:24.511   161.986   156.460   163.458   162.728   165.537
17:11:24.557   161.209   156.666   167.158   164.807   168.025
17:11:24.607   161.592   155.785   167.834   163.091   167.676
17:11:24.655   160.033   156.770   170.197   162.709   167.824
17:11:24.703   161.787   155.884   166.168   163.420   167.952
17:11:24.750   160.890   156.578   169.745   161.938   168.468
17:11:24.797   161.120   156.324   168.250   163.058   169.499
17:11:24.845   159.642   156.414   167.262   161.930   168.282
17:11:24.908   161.076   155.884   168.465   162.261   169.004
17:11:24.956   160.408   157.591   169.708   163.281   169.947
17:11:25.017   162.064   156.219   167.787   162.473   168.409
17:11:25.081   160.655   155.703   168.531   160.811   169.229
17:11:25.143   160.158   155.716   165.916   162.096   169.140
17:11:25.205   160.014   157.315   169.077   161.331   168.788
17:11:25.253   158.878   157.588   167.528   162.332   169.363
17:11:25.315   160.288   156.381   168.216   159.940   170.007
17:11:25.365   158.509   158.309   168.496   161.805   168.680
17:11:25.425   163.766   155.383   168.430   161.036   168.257
17:11:25.486   164.497   155.525   168.401   160.354   169.832
17:11:25.533   160.968   155.748   169.217   162.442   168.462
17:11:25.582   159.693   154.969   168.595   160.613   167.531
17:11:25.629   160.264   156.174   170.251   162.623   168.201
17:11:25.676   160.654   155.600   172.125   160.530   168.445
17:11:25.724   159.619   154.019   169.639   160.762   165.535
17:11:25.773   158.214   154.259   170.547   159.633   166.814
17:11:25.836   160.058   153.963   167.504   163.072   164.155
17:11:25.884   161.803   155.879   171.729   159.674   165.821
17:11:25.930   160.963   154.162   168.073   160.952   164.141
17:11:25.978   159.560   156.134   170.606   160.525   166.152
17:11:26.026   159.964   151.791   167.605   160.906   163.597
17:11:26.074   160.314   151.316   169.127   159.742   164.530
17:11:26.139   161.053   150.101   168.491   158.899   164.707
17:11:26.199   161.006   151.350   169.967   159.317   165.311
17:11:26.261   159.264   152.039   170.044   158.286   166.566
17:11:26.309   160.284   152.262   167.815   161.104   166.926
17:11:26.356   156.904   153.550   168.411   160.678   168.564
17:11:26.404   157.943   153.328   170.013   158.786   168.884
17:11:26.465   156.782   150.901   167.415   159.123   168.135
17:11:26.512   156.739   151.841   167.205   160.316   166.981
17:11:26.560   153.575   152.251   163.317   161.954   168.586
17:11:26.608   155.992   152.647   167.699   160.194   168.074
17:11:26.657   152.733   151.421   165.251   159.179   167.049
17:11:26.717   155.476   148.715   164.915   157.685   168.972
17:11:26.765   155.635   147.514   166.729   156.714   167.132
17:11:26.812   155.872   148.492   162.865   158.049   166.737
17:11:26.859   153.814   147.706   164.644   157.230   165.569
17:11:26.908   152.955   148.960   164.567   156.095   167.417
17:11:26.955   153.925   145.703   166.538   156.101   167.343
17:11:27.002   155.128   145.855   166.273   154.637   165.818
17:11:27.050   153.103   143.634   166.157   152.720   165.041
17:11:27.098   156.401   140.873   164.903   154.173   165.383
17:11:27.149   157.362   140.267   164.438   153.440   167.364
17:11:27.210   159.533   142.106   165.348   154.766   167.344
17:11:27.260   157.307   140.768   166.362   153.512   167.317
17:11:27.322   159.483   142.126   163.452   156.418   169.958
17:11:27.383   156.191   140.856   164.659   152.608   168.410
17:11:27.432   159.863   139.682   162.101   153.377   167.680
17:11:27.494   155.623   138.493   162.569   150.014   164.872
17:11:27.542   159.087   140.156   162.837   153.187   168.577
17:11:27.604   155.220   137.655   163.313   147.281   163.337
17:11:27.653   159.096   138.769   161.068   151.410   166.851
17:11:27.715   157.200   138.918   160.667   151.061   164.771
17:11:27.764   155.663   138.299   160.597   149.018   164.439
17:11:27.826   157.674   137.943   159.327   148.535   166.278
17:11:27.874   154.959   136.768   159.854   143.874   162.338
17:11:27.937   155.039   136.753   161.070   144.696   163.231
17:11:27.999   158.003   135.358   159.262   142.694   161.708
17:11:28.047   160.046   137.292   158.896   145.288   164.261
17:11:28.109   157.738   134.738   158.676   140.343   160.032
17:11:28.159   157.721   135.818   158.034   143.908   160.703
17:11:28.219   158.667   134.406   158.348   141.447   161.047
17:11:28.268   156.809   134.543   160.340   142.634   160.270
17:11:28.329   158.363   134.101   155.707   142.517   162.156
17:11:28.377   159.065   133.816   158.887   144.821   163.945
17:11:28.424   159.074   134.787   157.093   145.062   164.535
17:11:28.487   157.070   133.681   157.656   140.651   161.224
17:11:28.534   157.866   133.392   155.647   140.663   160.000
17:11:28.582   158.226   131.751   157.612   138.316   160.293
17:11:28.631   156.346   133.803   156.698   140.189   159.648
17:11:28.692   157.036   133.789   160.566   142.890   164.257
17:11:28.741   156.161   131.958   159.983   141.634   161.707
17:11:28.804   159.615   132.807   156.388   139.269   159.812
17:11:28.851   158.241   129.838   161.647   141.384   162.181
17:11:28.912   157.524   132.304   158.469   138.302   159.632
17:11:28.960   157.654   129.914   161.365   140.329   162.493
17:11:29.007   157.918   130.015   158.916   135.864   158.701
17:11:29.056   158.085   128.332   162.280   139.578   160.713
17:11:29.117   158.296   128.140   157.529   136.931   159.380
17:11:29.178   154.202   128.632   158.424   135.229   157.318
17:11:29.226   158.943   128.973   158.494   139.216   157.601
17:11:29.289   158.596   126.432   159.318   136.522   158.030
17:11:29.350   156.509   128.546   159.871   136.415   158.543
17:11:29.397   158.377   123.484   159.266   136.393   156.471
17:11:29.445   157.229   125.315   155.577   136.232   158.643
17:11:29.494   153.896   124.445   157.054   136.377   157.872
17:11:29.558   153.610   121.605   158.401   132.297   154.723
17:11:29.619   149.192   123.317   156.020   135.106   160.194
17:11:29.666   154.431   123.814   152.521   134.382   157.091
17:11:29.714   151.577   120.004   152.544   135.491   160.173
17:11:29.762   149.975   115.251   151.433   129.766   155.841
17:11:29.809   152.700   116.462   151.996   129.314   154.131
17:11:29.857   146.444   117.743   154.380   129.853   153.640
17:11:29.906   150.123   120.051   152.424   132.174   154.237
17:11:29.954   141.604   118.476   154.717   133.329   154.180
17:11:30.000   141.402   123.586   156.077   135.907   156.228
17:11:30.050   142.301   129.880   155.186   139.152   157.625
17:11:30.111   145.814   120.338   159.802   128.013   152.714
17:11:30.161   142.651   124.245   157.246   137.094   157.950
17:11:30.223   145.705   115.290   157.765   130.026   154.445
17:11:30.271   142.136   122.031   156.019   139.581   158.563
17:11:30.331   148.017   117.261   155.285   137.486   157.280
17:11:30.381   147.461   116.181   156.814   133.282   157.501
17:11:30.442   147.521   115.988   157.820   135.014   156.166
17:11:30.489   145.076   111.736   156.657   123.224   155.104
17:11:30.551   147.203   112.228   157.096   124.084   157.593
17:11:30.612   147.834   114.301   156.223   121.364   155.972
17:11:30.662   143.915   112.365   158.382   114.886   154.390
17:11:30.723   147.842   110.901   157.390   118.007   156.484
17:11:30.771   140.750   111.565   156.472   115.735   151.118
17:11:30.833   147.466   110.659   151.375   117.214   147.648
17:11:30.881   146.436   112.144   158.598   114.224   151.448
17:11:30.947   145.348   115.118   157.738   119.892   149.576
17:11:31.007   145.177   111.896   158.163   120.330   149.703
17:11:31.068   143.869   111.399   159.977   121.079   149.494
17:11:31.116   144.795   110.399   156.639   119.334   150.252
17:11:31.163   141.539   111.941   159.214   117.275   148.128
17:11:31.211   141.010   111.118   159.461   119.287   145.894
17:11:31.259   141.718   115.043   160.292   121.566   147.996
17:11:31.306   141.736   111.523   159.806   117.619   146.956
17:11:31.352   144.720   108.714   159.266   122.636   146.803
17:11:31.415   145.752   110.119   158.806   116.061   147.138
17:11:31.462   139.505   109.746   158.434   119.547   143.933
17:11:31.510   144.855   112.021   162.899   122.743   146.939
17:11:31.571   139.032   107.737   158.876   118.109   147.032
17:11:31.619   142.228   110.336   160.469   115.920   147.075
17:11:31.681   146.266   113.086   159.155   126.446   152.839
17:11:31.731   140.570   117.515   161.033   123.270   149.563
17:11:31.791   142.545   115.503   161.109   126.090   149.816
17:11:31.840   142.088   112.662   161.007   125.483   152.087
17:11:31.889   144.428   111.588   160.747   129.402   149.177
17:11:31.937   146.746   117.898   157.181   128.205   156.468
17:11:31.998   140.915   112.098   158.392   127.875   150.302
17:11:32.059   141.504   110.816   160.040   130.484   150.629
17:11:32.108   141.422   107.789   158.461   123.860   149.096
17:11:32.157   143.071   109.362   160.656   126.074   148.365
17:11:32.205   141.985   110.093   159.585   124.865   150.765
17:11:32.253   140.076   111.291   161.634   128.596   150.557
17:11:32.301   143.536   109.445   159.800   127.266   146.777
17:11:32.348   143.095   108.472   156.136   126.221   151.461
17:11:32.397   142.230   110.500   158.975   128.891   145.107
17:11:32.445   142.096   112.001   159.068   123.362   151.661
17:11:32.503   138.565   110.206   161.619   122.850   148.086
17:11:32.551   140.153   108.185   159.515   121.336   147.139
17:11:32.612   140.234   108.757   158.815   120.581   145.246
17:11:32.674   136.906   109.325   156.674   128.208   151.972
17:11:32.723   138.903   106.436   158.557   128.841   147.970
17:11:32.772   140.084   108.052   156.200   128.650   154.873
17:11:32.833   142.194   112.793   158.706   128.901   153.190
17:11:32.882   146.692   110.444   158.028   128.310   156.819
17:11:32.943   143.807   105.075   156.981   120.127   151.368
17:11:32.990   142.195   106.653   157.400   123.217   150.542
17:11:33.039   140.625   109.434   156.140   124.405   154.323
17:11:33.099   141.175   108.718   158.673   116.524   148.343
17:11:33.152   145.130   106.484   153.970   120.809   149.108
17:11:33.211   141.410   108.517   155.714   125.752   150.770
17:11:33.273   141.103   112.598   155.233   120.930   150.692
17:11:33.334   141.363   110.578   159.242   124.166   151.370
17:11:33.396   140.132   111.234   156.528   127.845   150.879
17:11:33.459   141.385   109.704   156.611   119.295   147.007
17:11:33.521   139.958   113.015   158.214   124.326   152.285
17:11:33.569   141.167   109.806   160.129   119.992   150.439
17:11:33.631   141.571   108.753   159.217   117.510   150.375
17:11:33.679   142.007   112.339   159.460   119.827   148.699
17:11:33.726   144.582   113.171   161.653   118.677   152.882
17:11:33.774   139.270   111.531   160.867   117.110   144.193
17:11:33.836   139.517   108.932   157.678   117.016   143.867
17:11:33.885   140.220   109.619   158.479   119.302   149.140
17:11:33.933   141.073   114.358   159.645   119.913   150.564
17:11:33.995   141.381   114.584   156.698   125.035   149.869
17:11:34.044   140.376   115.060   157.952   117.709   146.814
17:11:34.104   139.553   114.102   153.781   120.948   153.560
17:11:34.154   140.369   116.070   157.289   123.718   152.298
17:11:34.215   139.253   114.741   156.069   122.965   152.232
17:11:34.263   143.148   110.113   153.258   118.916   146.788
17:11:34.325   139.824   110.208   155.175   119.368   148.473
17:11:34.387   139.296   111.611   156.524   118.730   147.564
17:11:34.448   141.703   112.086   154.242   119.002   145.457
17:11:34.511   136.831   109.949   153.185   120.204   146.827
17:11:34.572   136.131   110.452   153.928   118.084   143.415
17:11:34.633   137.754   110.304   152.545   121.773   145.052
17:11:34.681   139.636   113.331   156.060   117.682   144.632
17:11:34.743   138.231   114.726   155.081   120.767   145.215
17:11:34.790   139.980   114.427   154.115   119.015   139.723
17:11:34.838   134.311   113.348   154.819   121.368   146.115
17:11:34.886   140.372   115.333   156.360   117.812   139.821
17:11:34.934   137.405   113.649   152.398   120.522   145.020
17:11:34.995   137.055   115.876   154.475   119.842   145.713
17:11:35.043   136.862   114.679   155.242   118.132   141.950
17:11:35.106   135.215   110.186   153.492   112.353   129.291
17:11:35.168   134.151   109.014   154.431   114.243   135.031
17:11:35.227   134.646   114.576   151.922   120.657   140.664
17:11:35.277   139.774   113.608   154.191   121.356   144.962
17:11:35.338   135.535   110.502   153.936   117.758   145.002
17:11:35.399   136.956   115.770   157.324   114.521   138.862
17:11:35.446   140.553   115.756   156.162   115.569   140.643
17:11:35.495   138.138   114.493   154.656   118.485   138.300
17:11:35.555   143.524   115.458   154.250   118.750   142.897
17:11:35.605   136.846   111.357   152.423   117.596   138.122
17:11:35.652   140.838   113.216   153.616   120.315   141.064
17:11:35.700   136.362   116.892   155.608   122.800   148.454
17:11:35.749   138.358   111.950   153.700   118.480   144.917
17:11:35.809   135.103   111.054   154.252   119.181   139.232
17:11:35.857   139.716   116.785   155.399   119.400   144.260
17:11:35.906   140.097   116.947   153.752   121.310   143.031
17:11:35.967   140.263   117.124   155.044   118.838   145.005
17:11:36.015   135.646   121.406   154.743   123.011   148.835
17:11:36.078   139.465   117.174   153.265   118.625   140.128
17:11:36.125   139.329   120.440   153.880   121.558   145.182
17:11:36.173   140.026   119.387   156.686   119.797   149.749
17:11:36.220   140.073   118.221   154.851   121.379   147.765
17:11:36.268   137.233   117.074   155.035   117.317   138.198
17:11:36.331   137.100   120.430   154.908   123.556   143.500
17:11:36.379   137.838   120.171   155.037   119.479   140.675
17:11:36.426   138.122   119.485   158.548   117.438   144.628
17:11:36.474   143.479   118.068   155.891   119.370   142.535
17:11:36.536   139.031   118.733   153.015   119.377   137.717
17:11:36.583   138.035   120.582   153.538   121.549   141.969
17:11:36.644   139.624   120.763   157.949   118.360   148.206
17:11:36.693   142.201   120.530   156.936   120.639   150.334
17:11:36.756   137.204   117.612   156.516   118.788   139.280
17:11:36.804   136.245   120.668   154.954   117.296   143.752
17:11:36.852   139.043   117.140   157.572   117.656   138.104
17:11:36.915   137.912   116.014   154.433   118.034   145.544
17:11:36.963   139.282   120.935   158.099   121.217   147.120
17:11:37.011   142.485   120.330   156.616   121.193   145.675
17:11:37.059   135.637   120.104   157.282   119.485   137.331
17:11:37.122   140.069   121.845   156.433   123.232   150.220
17:11:37.185   141.125   114.601   154.762   118.172   139.490
17:11:37.233   133.870   119.050   155.252   120.315   145.197
17:11:37.281   140.908   120.259   156.228   121.477   146.824
17:11:37.329   142.865   119.049   153.631   119.989   147.066
17:11:37.389   136.357   120.613   155.961   120.872   139.622
17:11:37.439   138.397   119.092   153.972   120.965   142.364
17:11:37.501   139.456   118.926   155.034   119.362   146.517
17:11:37.549   136.065   123.972   151.063   125.619   151.572
17:11:37.612   131.915   127.814   146.349   132.457   156.968
17:11:37.659   134.691   128.464   146.422   134.481   159.093
17:11:37.707   134.442   129.258   148.795   134.109   158.670
17:11:37.755   134.743   130.481   148.393   133.808   156.895
17:11:37.817   138.482   131.984   147.867   136.032   160.418
17:11:37.865   144.047   136.020   153.272   144.166   166.663
17:11:37.926   148.384   138.273   152.464   149.754   166.673
17:11:37.976   148.788   142.419   153.683   156.686   167.942
17:11:38.038   149.016   141.544   155.641   152.427   166.542
17:11:38.089   148.292   144.510   155.809   157.693   168.750
17:11:38.152   152.265   146.767   161.617   159.911   170.039
17:11:38.212   154.128   146.961   162.704   154.988   170.326
17:11:38.263   155.288   150.551   165.540   155.868   163.585
17:11:38.312   157.442   149.474   164.335   155.579   163.272
17:11:38.371   153.555   149.639   169.560   159.354   160.096
17:11:38.419   155.119   148.697   167.133   156.394   161.947
17:11:38.469   153.700   145.679   168.606   152.318   160.119
17:11:38.530   151.860   145.629   168.565   150.523   156.204
17:11:38.577   152.492   146.774   167.926   153.191   157.056
17:11:38.639   152.435   147.523   167.844   151.431   157.782
17:11:38.688   152.290   146.338   167.385   145.307   156.774
17:11:38.748   149.354   149.749   170.909   151.580   161.534
17:11:38.796   149.262   151.330   166.813   154.582   158.345
17:11:38.858   148.946   152.228   167.665   154.302   160.855
17:11:38.906   146.882   151.412   169.411   151.608   159.657
17:11:38.969   148.022   153.234   164.712   151.499   160.625
17:11:39.017   145.780   151.185   165.043   148.753   158.177
17:11:39.080   145.230   150.726   165.985   149.890   156.899
17:11:39.143   144.986   148.856   166.052   148.177   159.639
17:11:39.205   144.358   151.038   166.904   149.010   159.602
17:11:39.254   146.563   152.211   165.983   150.075   159.065
17:11:39.302   146.988   152.878   169.091   149.766   162.628
17:11:39.364   148.373   151.506   167.317   150.917   163.099
17:11:39.411   147.981   150.714   165.838   149.283   162.869
17:11:39.459   147.266   153.209   166.776   155.300   163.009
17:11:39.508   149.806   153.142   167.168   152.815   165.585
17:11:39.557   150.998   154.301   167.099   154.295   165.886
17:11:39.620   161.626   166.602   169.013   173.272   164.069
17:11:39.668   156.229   157.418   171.019   169.060   172.239
17:11:39.731   148.468   159.683   158.093   170.702   172.538
17:11:39.733   154.207   155.809   166.156   164.965   156.876
17:11:39.790   160.354   142.366   163.136   161.521   167.840
17:11:39.791   162.519   151.942   158.174   162.572   153.766
17:11:39.836   157.135   141.948   163.770   163.496   162.894
17:11:39.837   156.192   143.397   156.714   157.753   158.079
17:11:39.885   156.251   144.162   159.667   162.659   165.171
17:11:39.886   157.695   146.840   159.402   160.106   160.046
17:11:39.930   154.275   147.669   166.036   170.022   164.126
17:11:39.931   157.136   151.974   158.864   162.974   161.633
17:11:39.978   158.934   143.829   162.788   160.103   166.776
17:11:39.979   158.528   156.216   160.136   163.773   159.364
17:11:40.008   155.078   151.763   163.874   158.787   162.958
17:11:40.079   162.604   143.468   171.236   157.019   167.557
17:11:40.080   156.872   164.221   163.287   164.478   160.834
17:11:40.137   153.184   142.208   166.262   162.378   163.610
17:11:40.139   154.309   151.329   163.074   159.239   151.687
17:11:40.185   152.759   145.774   161.664   167.051   159.911
17:11:40.186   159.244   146.874   162.637   161.549   159.805
17:11:40.231   156.237   144.161   161.067   167.024   163.462
17:11:40.233   152.071   158.447   163.074   165.730   157.983
17:11:40.263   156.597   152.664   158.578   162.593   162.091
17:11:40.333   161.827   152.559   168.273   161.078   167.882
17:11:40.335   157.200   154.513   165.775   159.822   161.689
17:11:40.391   158.318   151.778   168.507   172.564   159.688
17:11:40.392   161.519   156.834   162.460   167.561   167.575
17:11:40.437   154.269   150.124   164.172   166.374   164.600
17:11:40.438   151.702   158.386   163.810   161.342   170.761
17:11:40.485   152.949   150.275   170.284   163.653   168.640
17:11:40.486   153.192   149.369   167.077   156.535   158.649
17:11:40.531   153.878   158.826   155.890   169.870   164.709
17:11:40.533   152.639   157.280   169.739   158.848   147.572
17:11:40.577   157.925   160.152   156.356   163.810   162.662
17:11:40.579   155.679   153.288   162.671   153.624   154.135
17:11:40.625   161.746   151.244   158.281   158.447   152.135
17:11:40.626   154.639   156.155   162.464   155.370   146.156
17:11:40.671   156.874   146.562   163.384   161.424   162.791
17:11:40.672   150.024   154.860   159.751   159.182   146.943
17:11:40.702   141.431   156.238   158.533   163.596   153.020
17:11:40.773   145.201   151.883   149.997   137.565   164.083
17:11:40.775   140.940   153.936   161.151   155.978   150.561
17:11:40.830   135.162   143.664   148.883   153.723   146.649
17:11:40.831   143.756   159.471   165.060   153.495   161.264
17:11:40.876   153.009   154.450   148.080   161.153   156.650
17:11:40.878   151.211   152.992   166.265   154.489   148.738
17:11:40.925   160.989   173.142   160.303   163.491   166.346
17:11:40.927   139.814   159.264   170.313   156.681   151.420
17:11:40.987   162.581   161.813   165.400   147.154   167.622
17:11:40.988   146.543   151.292   173.263   155.269   163.022
17:11:41.033   170.645   165.704   167.376   164.464   164.296
17:11:41.035   140.682   159.089   159.482   161.632   170.927
17:11:41.080   159.890   151.217   168.544   158.575   166.870
17:11:41.082   148.466   147.100   158.630   158.250   166.602
17:11:41.128   173.374   164.366   164.105   163.805   162.398
17:11:41.130   150.761   141.135   160.100   152.586   169.469
17:11:41.158   151.755   143.264   160.193   150.266   170.269
17:11:41.226   160.554   165.369   162.976   168.384   163.536
17:11:41.227   154.559   143.771   159.287   154.160   171.827
17:11:41.285   154.143   144.271   160.151   160.014   172.316
17:11:41.286   151.925   142.465   162.908   157.012   174.456
17:11:41.314   150.478   145.663   160.971   156.627   170.990
17:11:41.369   149.334   150.299   167.243   162.248   173.438
17:11:41.429   149.100   143.960   162.535   157.762   172.164
17:11:41.492   164.089   162.716   164.908   156.521   172.275
17:11:41.494   150.528   145.906   160.464   158.484   171.574
17:11:41.553   167.070   158.373   170.570   165.205   171.361
17:11:41.555   151.694   149.011   161.800   160.324   171.603
17:11:41.598   166.931   158.861   167.860   169.406   173.228
17:11:41.600   149.465   144.426   162.731   159.591   171.551
17:11:41.630   151.845   144.560   159.631   157.332   169.288
17:11:41.700   163.065   164.087   159.521   164.073   168.602
17:11:41.701   150.376   141.997   158.365   154.699   169.174
17:11:41.758   163.335   153.893   166.624   166.454   170.038
17:11:41.759   145.211   145.266   159.569   156.204   171.552
17:11:41.788   146.783   144.608   160.961   155.615   169.374
17:11:41.841   146.595   140.825   158.699   156.477   170.790
17:11:41.919   156.194   142.007   155.465   153.152   162.351
17:11:41.920   150.629   141.024   157.783   154.656   171.888
17:11:41.963   149.515   145.767   156.583   158.095   172.633
17:11:42.015   149.913   144.523   157.985   157.097   171.369
17:11:42.078   149.828   143.888   156.780   155.044   171.935
17:11:42.142   150.606   147.910   156.749   159.381   173.518
17:11:42.204   151.151   143.763   157.878   153.977   170.524
17:11:42.251   146.827   144.856   157.734   154.485   170.601
17:11:42.302   148.162   142.358   157.373   151.483   171.476
17:11:42.361   149.782   144.418   158.521   154.710   172.254
17:11:42.425   150.892   146.291   161.560   156.443   172.514
17:11:42.473   150.881   148.777   160.160   159.368   171.458
17:11:42.520   152.652   148.760   159.544   159.896   176.679
17:11:42.568   153.885   148.781   161.046   159.576   173.438
17:11:42.631   154.507   148.939   160.137   160.512   172.829
17:11:42.679   154.779   145.294   159.820   162.184   173.373
17:11:42.739   155.324   149.351   160.496   162.609   174.601
17:11:42.787   154.154   146.334   157.741   163.152   174.306
17:11:42.836   156.579   147.707   158.768   163.795   174.609
17:11:42.884   157.344   149.060   161.172   164.153   174.288
17:11:42.946   158.299   147.451   160.267   165.487   173.073
17:11:42.993   158.388   148.306   159.121   163.604   174.290
17:11:43.041   160.752   148.510   157.783   164.998   173.783
17:11:43.091   159.767   150.561   160.330   164.437   174.848
17:11:43.154   161.269   154.324   159.868   164.950   173.762
17:11:43.217   163.670   157.007   159.676   164.598   172.113
17:11:43.266   164.352   157.826   160.746   167.204   172.029
17:11:43.328   165.719   156.085   159.318   165.187   170.503
17:11:43.375   166.790   155.827   162.201   168.693   170.278
17:11:43.430   164.596   156.411   160.317   166.858   169.062
17:11:43.486   165.478   157.380   161.411   167.664   168.658
17:11:43.533   161.500   154.663   161.411   163.091   168.760
17:11:43.595   161.721   152.950   159.684   162.021   168.547
17:11:43.642   156.303   154.506   160.887   162.000   167.503
17:11:43.691   157.223   154.748   161.693   159.870   169.146
17:11:43.738   157.942   153.694   158.828   160.645   167.562
17:11:43.801   157.852   155.330   159.030   162.709   166.162
17:11:43.864   156.697   156.260   157.395   162.745   167.983
17:11:43.911   159.827   156.185   159.255   162.763   169.297
17:11:43.960   156.578   153.630   158.770   161.544   168.824
17:11:44.009   157.190   153.088   159.485   161.273   167.467
17:11:44.055   160.308   155.393   160.712   162.777   170.023
17:11:44.103   159.132   156.488   163.461   166.009   170.454
17:11:44.152   158.087   156.107   160.860   163.924   168.620
17:11:44.215   158.614   156.607   159.119   163.795   166.508
17:11:44.276   159.108   155.102   160.125   164.601   168.816
17:11:44.327   159.432   152.944   159.881   162.799   170.744
17:11:44.390   159.361   156.052   158.594   164.658   170.309
17:11:44.438   160.137   155.636   158.045   165.123   169.954
17:11:44.501   160.317   158.097   166.148   167.120   172.970
17:11:44.563   162.339   155.297   157.736   164.668   172.802
17:11:44.611   162.347   155.844   163.160   165.849   174.066
17:11:44.658   161.390   154.136   158.405   163.308   168.644
17:11:44.707   160.393   155.408   161.815   166.234   172.493
17:11:44.768   160.093   157.222   163.354   164.379   168.613
17:11:44.816   161.447   155.883   163.234   165.889   172.091
17:11:44.863   160.702   154.783   158.594   162.941   169.089
17:11:44.912   161.974   153.957   162.829   166.278   173.276
17:11:44.973   160.766   154.834   156.747   162.402   168.917
17:11:45.021   161.645   155.855   162.846   165.678   171.711
17:11:45.069   160.589   155.606   158.647   162.538   169.317
17:11:45.131   161.597   157.642   162.947   164.984   172.196
17:11:45.191   161.577   157.056   162.613   167.323   172.389
17:11:45.240   160.886   155.305   164.174   164.258   172.140
17:11:45.288   162.174   154.087   162.267   165.197   171.355
17:11:45.336   161.438   156.948   159.729   164.492   171.073
17:11:45.397   162.023   156.282   162.705   165.141   172.808
17:11:45.446   160.056   155.734   164.339   165.993   172.246
17:11:45.507   158.331   157.070   157.947   164.204   170.191
17:11:45.554   163.245   157.602   158.831   161.687   171.880
17:11:45.602   161.477   156.045   165.039   164.256   173.570
17:11:45.649   161.420   154.301   155.389   162.612   168.539
17:11:45.697   160.252   156.692   162.881   164.396   172.953
17:11:45.759   159.363   156.335   154.571   165.083   169.180
17:11:45.821   159.753   157.227   163.261   165.533   172.343
17:11:45.871   160.748   155.440   154.827   161.987   170.566
17:11:45.930   162.432   155.942   162.914   163.112   173.457
17:11:45.991   164.305   155.364   163.716   164.559   174.359
17:11:46.040   160.274   153.126   162.445   163.581   171.153
17:11:46.086   161.893   155.770   158.741   162.965   170.558
17:11:46.133   160.651   155.149   162.604   163.473   172.034
17:11:46.180   160.163   154.731   151.949   162.297   169.603
17:11:46.228   162.746   156.302   160.494   164.258   171.087
17:11:46.275   163.073   156.750   163.673   165.874   171.972
17:11:46.325   158.921   155.765   155.203   162.194   168.908
17:11:46.386   161.375   156.642   157.691   164.653   170.468
17:11:46.448   160.261   157.005   161.020   164.261   171.206
17:11:46.498   161.690   155.565   155.131   163.645   169.890
17:11:46.560   161.348   154.443   163.695   164.478   173.647
17:11:46.610   160.288   155.872   152.828   163.394   169.315
17:11:46.672   163.235   155.181   161.065   163.977   171.682
17:11:46.721   162.653   153.763   163.005   165.190   172.186
17:11:46.782   160.346   154.958   156.162   162.260   169.628
17:11:46.828   162.397   156.296   162.040   165.657   170.735
17:11:46.878   162.988   155.175   162.740   164.250   173.837
17:11:46.925   162.640   156.559   163.176   166.625   170.714
17:11:46.973   163.846   156.113   158.124   164.508   172.783
17:11:47.037   162.855   156.289   162.745   166.080   173.544
17:11:47.099   160.331   156.718   155.574   163.589   169.836
17:11:47.148   162.138   156.121   161.734   164.008   171.934
17:11:47.194   163.185   156.015   162.493   164.885   171.634
17:11:47.242   162.418   157.862   164.425   166.762   172.320
17:11:47.290   160.800   157.729   166.174   166.492   173.153
17:11:47.337   161.787   157.548   162.989   164.425   171.621
17:11:47.385   161.741   156.562   162.022   163.754   172.181
17:11:47.435   161.878   156.493   164.533   166.385   171.599
17:11:47.497   165.160   156.861   158.509   165.051   173.934
17:11:47.560   163.639   157.820   163.395   167.086   174.000
17:11:47.621   157.827   155.579   154.526   163.308   168.884
17:11:47.669   160.881   157.655   155.709   164.254   171.141
17:11:47.718   163.611   157.672   161.930   165.188   172.828
17:11:47.780   161.987   154.536   162.686   165.620   171.962
17:11:47.829   160.785   155.416   154.997   163.294   169.529
17:11:47.876   162.248   156.092   163.841   163.706   171.108
17:11:47.938   162.706   156.814   163.514   163.920   172.467
17:11:47.986   161.693   157.712   161.199   165.029   171.935
17:11:48.034   160.608   160.326   164.376   168.612   173.454
17:11:48.082   163.637   158.049   157.584   165.180   172.773
17:11:48.145   161.735   156.857   164.884   165.288   173.017
17:11:48.207   161.733   157.323   154.157   164.285   169.670
17:11:48.256   160.971   155.894   163.664   164.544   172.514
17:11:48.304   160.925   157.277   153.176   164.495   169.222
17:11:48.352   160.947   156.252   164.969   165.305   173.325
17:11:48.400   160.407   156.121   153.811   161.494   168.961
17:11:48.447   161.659   156.825   165.927   164.350   172.370
17:11:48.497   161.078   157.745   154.123   164.447   169.279
17:11:48.559   160.151   154.478   163.898   165.616   171.880
17:11:48.607   160.676   155.456   153.640   162.080   168.231
17:11:48.666   162.554   158.870   163.244   166.346   172.459
17:11:48.716   163.343   158.076   157.280   164.908   170.922
17:11:48.775   160.569   155.454   163.832   165.859   172.234
17:11:48.823   159.797   156.055   155.269   162.842   167.799
17:11:48.870   162.752   159.030   163.454   166.981   173.595
17:11:48.919   161.372   156.678   158.637   164.023   171.703
17:11:48.966   162.516   156.102   162.627   165.936   172.640
17:11:49.015   161.691   157.453   164.916   165.186   171.801
17:11:49.076   163.508   156.217   161.993   163.370   172.723
17:11:49.126   162.245   157.072   163.761   164.863   172.755
17:11:49.188   161.119   156.186   162.499   164.984   172.763
17:11:49.235   163.430   156.654   160.068   164.927   172.815
17:11:49.284   165.293   157.038   162.626   168.562   173.826
17:11:49.332   161.916   155.520   162.276   164.646   169.625
17:11:49.380   163.006   158.985   160.650   165.670   172.114
17:11:49.442   159.398   156.046   164.336   166.112   172.771
17:11:49.493   159.564   156.429   152.009   163.639   169.918
17:11:49.555   159.060   157.433   163.796   166.921   172.701
17:11:49.616   163.859   158.811   158.502   163.775   173.236
17:11:49.665   162.619   157.958   163.914   166.929   171.503
17:11:49.726   161.505   158.996   155.498   164.364   170.475
17:11:49.775   161.653   159.976   165.408   167.889   170.228
17:11:49.835   162.787   156.690   161.301   164.608   172.506
17:11:49.883   161.713   156.951   164.039   165.144   171.518
17:11:49.931   160.045   156.623   161.838   164.303   171.312
17:11:49.979   160.567   157.785   164.048   164.588   171.831
17:11:50.043   161.149   155.065   162.814   163.601   172.052
17:11:50.106   162.223   156.923   161.263   165.079   171.390
17:11:50.155   160.366   157.945   162.267   166.631   171.774
17:11:50.217   160.549   155.431   154.605   162.517   168.636
17:11:50.266   162.079   156.349   162.545   166.950   172.596
17:11:50.314   161.545   157.478   153.694   164.619   168.487
17:11:50.361   160.935   158.220   163.223   167.541   172.555
17:11:50.411   164.868   159.158   157.429   166.672   172.936
17:11:50.473   163.852   158.479   163.133   166.842   172.675
17:11:50.522   162.780   158.431   154.194   163.966   171.195
17:11:50.584   163.206   159.745   162.459   167.109   173.004
17:11:50.631   164.610   158.328   158.220   164.653   173.023
17:11:50.679   163.730   158.291   163.144   168.028   172.658
17:11:50.725   163.823   158.997   155.630   164.655   171.295
17:11:50.774   163.382   158.204   161.438   167.110   173.335
17:11:50.822   164.193   157.757   156.740   164.568   171.806
17:11:50.884   164.041   156.836   160.526   166.894   173.163
17:11:50.932   164.860   157.751   157.194   162.610   172.312
17:11:50.994   164.841   160.654   163.551   168.169   173.616
17:11:51.043   167.341   157.078   157.791   164.851   173.126
17:11:51.105   165.686   159.774   163.927   166.925   175.391
17:11:51.168   163.557   159.984   155.931   165.348   171.604
17:11:51.217   162.601   158.740   162.539   167.547   173.918
17:11:51.278   163.650   157.339   163.309   167.229   174.094
17:11:51.329   163.386   156.082   163.643   163.581   173.754
17:11:51.391   162.779   155.974   163.007   163.555   173.070
17:11:51.455   164.372   157.531   163.164   165.144   174.342
17:11:51.518   163.209   157.312   163.847   166.450   174.287
17:11:51.578   162.746   156.400   164.993   165.384   173.391
17:11:51.641   160.425   158.346   163.563   166.469   174.258
17:11:51.689   164.649   162.410   159.675   166.249   174.519
17:11:51.737   162.778   158.921   164.188   168.244   174.043
17:11:51.785   159.197   158.566   166.014   166.775   172.657
17:11:51.834   163.870   160.155   160.804   164.910   174.979
17:11:51.896   161.128   156.946   166.915   164.406   172.871
17:11:51.945   162.126   157.323   163.951   166.152   171.964
17:11:52.008   162.807   157.560   163.566   165.714   174.891
17:11:52.069   161.860   157.969   163.939   166.785   174.815
17:11:52.118   161.541   158.492   162.873   167.417   173.180
17:11:52.179   160.131   156.345   163.149   165.381   173.318
17:11:52.228   163.932   157.465   159.152   163.394   172.786
17:11:52.275   160.826   158.774   163.342   167.584   173.499
17:11:52.336   161.946   158.495   161.886   167.034   173.467
17:11:52.384   159.131   158.092   163.919   165.796   174.955
17:11:52.432   162.820   160.124   160.604   165.467   173.136
17:11:52.495   158.924   157.624   166.065   163.696   173.703
17:11:52.544   161.047   160.275   162.339   165.428   173.625
17:11:52.605   160.221   156.893   164.375   165.414   174.376
17:11:52.653   161.798   157.755   162.318   165.606   174.415
17:11:52.702   159.906   156.273   162.745   163.974   174.174
17:11:52.750   160.862   156.618   161.390   167.379   172.964
17:11:52.811   159.752   155.409   163.195   165.941   174.281
17:11:52.860   158.998   154.855   163.536   163.790   173.517
17:11:52.920   159.407   154.492   162.032   165.179   172.371
17:11:52.969   162.466   155.741   161.790   166.688   174.666
17:11:53.017   160.119   156.927   163.035   165.432   174.499
17:11:53.065   159.983   154.103   160.539   163.956   172.534
17:11:53.113   158.199   155.050   161.762   165.971   174.819
17:11:53.174   159.558   153.974   161.573   163.886   172.560
17:11:53.235   155.942   153.767   161.524   163.386   172.407
17:11:53.283   160.388   151.741   160.503   160.608   169.876
17:11:53.331   155.372   153.897   163.098   161.508   170.068
17:11:53.378   159.119   152.423   161.655   163.086   170.990
17:11:53.426   157.120   153.356   160.180   162.278   170.632
17:11:53.488   159.358   153.672   160.594   162.932   170.755
17:11:53.536   155.358   154.108   164.308   160.970   171.670
17:11:53.587   158.063   148.313   161.177   158.947   169.019
17:11:53.648   157.866   152.141   161.716   160.535   171.264
17:11:53.697   159.302   151.894   159.634   160.501   170.365
17:11:53.758   156.215   152.686   159.190   163.911   169.678
17:11:53.805   159.103   151.737   159.436   160.219   167.060
17:11:53.854   159.901   152.706   158.601   162.779   169.094
17:11:53.916   159.670   151.903   160.196   161.368   170.372
17:11:53.964   160.347   154.095   158.617   163.846   168.581
17:11:54.013   156.786   153.076   159.683   162.484   169.375
17:11:54.061   157.354   149.030   157.357   158.400   166.857
17:11:54.123   158.628   150.654   157.363   161.050   167.926
17:11:54.171   158.161   148.436   156.822   159.014   167.538
17:11:54.220   160.447   148.943   156.553   159.249   167.004
17:11:54.282   155.935   147.083   156.891   159.954   166.914
17:11:54.331   158.103   144.827   155.991   158.494   167.498
17:11:54.377   157.806   145.402   156.446   157.363   165.032
17:11:54.425   154.491   144.935   155.929   157.585   165.313
17:11:54.473   157.639   144.950   157.358   156.603   167.372
17:11:54.521   155.915   145.021   155.996   158.745   164.491
17:11:54.570   155.713   143.647   155.421   156.623   165.143
17:11:54.630   159.276   144.413   158.045   158.600   166.126
17:11:54.678   157.045   149.335   157.871   160.051   168.276
17:11:54.740   157.981   144.206   156.641   157.720   166.851
17:11:54.788   158.358   144.377   156.456   156.238   165.761
17:11:54.850   158.745   144.821   156.776   157.584   165.112
17:11:54.899   154.849   148.130   156.613   160.889   164.417
17:11:54.947   157.860   144.898   154.959   159.929   165.071
17:11:54.994   158.072   144.557   155.435   158.530   164.712
17:11:55.043   153.466   145.513   158.388   157.201   165.091
17:11:55.104   154.688   143.020   154.281   154.162   163.220
17:11:55.157   156.852   140.543   155.147   156.286   164.127
17:11:55.219   155.071   146.248   157.823   156.900   161.488
17:11:55.280   154.851   139.190   155.613   153.400   163.047
17:11:55.330   156.591   141.012   156.343   155.023   162.744
17:11:55.391   152.927   145.877   156.176   155.066   160.551
17:11:55.439   153.468   139.793   154.476   152.141   162.364
17:11:55.488   152.765   141.131   156.296   153.942   161.982
17:11:55.535   152.379   141.586   157.358   151.663   160.995
17:11:55.582   154.653   139.998   156.906   147.490   158.087
17:11:55.645   152.133   139.243   158.096   147.617   156.100
17:11:55.692   149.925   138.442   155.514   150.363   159.978
17:11:55.755   153.324   136.387   155.309   145.105   160.365
17:11:55.804   152.473   141.446   158.828   152.032   159.491
17:11:55.863   151.776   137.942   156.429   145.128   158.432
17:11:55.911   149.438   138.084   155.430   148.435   158.144
17:11:55.973   149.227   132.491   153.666   142.886   160.700
17:11:56.022   151.435   137.977   156.412   148.245   161.604
17:11:56.069   149.895   138.437   156.258   145.998   157.919
17:11:56.132   148.742   135.944   153.791   146.001   159.168
17:11:56.179   149.374   138.528   157.389   143.450   156.226
17:11:56.227   148.681   138.548   154.713   145.615   158.463
17:11:56.275   149.315   138.289   155.297   145.099   158.517
17:11:56.324   149.438   136.416   157.149   141.101   155.173
17:11:56.386   147.807   136.436   153.756   144.476   157.540
17:11:56.433   147.110   138.594   155.936   143.822   158.221
17:11:56.481   146.989   141.601   157.804   148.391   161.135
17:11:56.530   144.217   138.691   155.898   145.498   161.860
17:11:56.590   142.594   141.041   156.401   150.253   162.496
17:11:56.639   142.696   141.638   154.822   148.176   162.376
17:11:56.686   137.322   146.788   160.998   150.779   163.482
17:11:56.734   142.238   140.819   155.595   149.728   165.422
17:11:56.795   144.102   139.845   155.014   149.564   164.545
17:11:56.843   143.691   145.426   157.528   153.638   163.240
17:11:56.892   141.434   145.915   158.745   155.818   162.537
17:11:56.939   142.335   146.480   158.742   158.156   163.503
17:11:56.989   137.801   146.993   159.034   155.126   164.910
17:11:57.050   141.165   143.480   159.130   155.872   168.848
17:11:57.098   142.666   142.341   156.856   156.369   164.003
17:11:57.148   137.478   150.558   157.898   161.215   168.410
17:11:57.208   141.210   144.168   157.977   162.004   168.167
17:11:57.256   137.936   143.378   156.471   161.050   166.857
17:11:57.303   136.177   147.893   157.705   162.989   165.843
17:11:57.351   138.811   146.975   161.787   162.161   169.014
17:11:57.399   135.046   144.977   156.448   159.956   165.038
17:11:57.445   137.363   146.173   161.565   159.487   163.684
17:11:57.493   139.061   142.134   158.744   163.616   165.171
17:11:57.541   137.554   144.010   162.301   159.939   160.927
17:11:57.589   138.037   142.126   161.263   158.501   161.491
17:11:57.651   141.170   140.861   160.650   152.131   155.842
17:11:57.698   140.092   140.249   159.251   147.589   153.520
17:11:57.745   143.903   138.914   160.304   139.710   147.343
17:11:57.793   143.687   132.058   162.973   135.766   148.787
17:11:57.855   146.604   136.215   159.135   131.513   151.433
17:11:57.903   141.892   130.804   158.492   128.734   148.049
17:11:57.953   144.654   134.046   159.824   129.553   150.802
17:11:58.014   143.761   125.234   163.103   129.220   143.603
17:11:58.063   141.213   123.079   161.481   127.836   136.261
17:11:58.112   142.512   128.409   161.011   128.300   141.968
17:11:58.175   142.267   123.522   160.742   124.104   137.815
17:11:58.223   143.500   116.508   158.719   121.774   136.835
17:11:58.270   142.430   121.608   159.702   118.492   130.522
17:11:58.319   141.212   116.771   156.909   112.808   124.702
17:11:58.380   140.689   115.991   157.694   113.323   122.557
17:11:58.428   139.654   118.132   161.342   111.899   120.363
17:11:58.476   138.172   120.725   160.528   117.159   122.725
17:11:58.537   150.929   114.797   155.554   115.382   127.783
17:11:58.586   146.010   117.995   158.911   117.882   127.791
17:11:58.649   144.762   114.085   158.138   113.927   125.181
17:11:58.698   142.225   115.008   157.847   113.621   119.965
17:11:58.760   141.100   117.113   157.743   116.863   128.307
17:11:58.807   141.170   114.883   156.845   116.193   126.283
17:11:58.871   142.511   120.043   155.523   119.142   130.395
17:11:58.931   141.746   114.502   157.784   117.098   125.922
17:11:58.979   146.868   118.102   157.724   120.599   133.188
17:11:59.041   143.046   117.169   157.777   116.802   130.524
17:11:59.090   143.684   116.335   156.019   116.656   128.382
17:11:59.152   142.455   117.342   159.309   116.875   130.346
17:11:59.201   146.096   115.397   155.454   120.074   131.477
17:11:59.248   145.599   118.121   157.891   117.147   127.965
17:11:59.295   144.624   114.922   156.500   117.082   128.314
17:11:59.342   141.478   114.672   158.513   114.449   126.393
17:11:59.389   138.724   114.125   159.014   114.940   124.463
17:11:59.438   143.714   110.843   157.936   118.450   131.922
17:11:59.502   139.383   114.171   158.947   123.132   131.891
17:11:59.548   146.760   114.448   156.199   121.308   136.817
17:11:59.595   145.800   112.603   156.333   122.041   138.574
17:11:59.643   142.723   114.083   157.774   123.071   137.594
17:11:59.690   142.090   121.887   159.986   123.285   141.898
17:11:59.738   143.732   115.520   153.809   116.738   131.085
17:11:59.785   143.083   119.478   156.785   122.367   136.987
17:11:59.833   140.262   122.775   157.254   123.339   139.394
17:11:59.897   144.762   117.864   157.294   116.570   137.380
17:11:59.960   140.884   131.107   157.764   125.704   147.737
17:12:00.007   143.773   126.722   156.539   120.207   141.815
17:12:00.056   133.995   138.702   155.598   128.780   154.463
17:12:00.104   145.802   125.622   154.587   121.896   144.194
17:12:00.167   139.252   129.056   156.051   126.913   141.632
17:12:00.216   146.519   125.993   154.913   119.448   137.869
17:12:00.278   144.835   123.979   154.967   123.308   136.405
17:12:00.326   140.487   129.064   154.866   129.704   145.898
17:12:00.389   146.385   135.772   154.665   150.777   168.918
17:12:00.436   147.791   122.003   154.038   125.062   140.459
17:12:00.485   154.241   123.830   150.675   128.531   144.504
17:12:00.531   148.953   122.803   153.115   123.890   137.552
17:12:00.580   148.046   122.342   153.102   124.810   145.618
17:12:00.627   143.921   124.080   150.557   130.270   148.855
17:12:00.675   151.046   128.580   151.100   134.323   153.371
17:12:00.738   148.904   128.440   145.890   133.299   143.279
17:12:00.798   149.237   133.293   154.135   130.150   147.024
17:12:00.858   145.344   123.408   148.628   126.695   143.425
17:12:00.908   146.694   128.163   151.881   122.114   144.151
17:12:00.968   146.614   126.361   147.852   131.117   149.433
17:12:01.017   141.108   131.731   154.565   126.526   147.831
17:12:01.063   146.584   131.213   147.179   130.304   150.754
17:12:01.110   150.423   126.630   146.040   134.394   145.283
17:12:01.159   148.003   129.290   148.178   129.274   144.426
17:12:01.207   146.642   125.114   147.186   128.485   149.018
17:12:01.255   145.381   127.541   148.701   128.810   146.898
17:12:01.318   146.464   129.145   147.628   129.676   146.041
17:12:01.365   147.595   128.087   150.184   128.956   146.720
17:12:01.412   151.975   126.649   145.265   131.201   141.338
17:12:01.461   149.095   126.715   146.234   130.253   143.202
17:12:01.507   148.903   124.984   146.482   130.712   149.557
17:12:01.556   149.073   124.498   145.359   129.259   149.013
17:12:01.604   151.805   125.780   146.373   128.630   145.760
17:12:01.652   153.244   125.696   144.662   128.776   143.038
17:12:01.701   154.764   124.645   145.383   128.072   139.962
17:12:01.748   151.673   145.126   149.275   148.053   150.550
17:12:01.796   152.316   153.100   153.763   153.459   156.688
17:12:01.843   154.993   160.332   157.420   159.867   163.412
17:12:01.892   154.933   160.895   158.865   160.398   167.369
17:12:01.954   156.034   161.788   161.439   159.874   170.808
17:12:02.015   159.962   169.191   158.556   167.024   179.211
17:12:02.076   155.947   163.318   159.739   160.102   176.769
17:12:02.126   158.620   163.444   159.389   161.226   176.940
17:12:02.188   158.393   161.287   157.773   160.320   174.935
17:12:02.236   155.848   163.140   158.109   163.512   177.660
17:12:02.285   159.287   164.799   157.998   164.125   177.711
17:12:02.347   158.859   167.531   157.529   162.423   178.400
17:12:02.396   154.784   166.085   158.077   167.599   175.418
17:12:02.442   158.143   169.071   160.677   165.323   179.292
17:12:02.491   158.220   165.286   157.653   163.669   175.263
17:12:02.555   154.382   165.183   157.184   163.811   174.376
17:12:02.616   153.259   162.656   160.066   161.887   171.768
17:12:02.665   152.923   162.029   160.951   162.154   170.745
17:12:02.712   157.232   164.108   162.807   163.764   173.516
17:12:02.774   158.817   168.745   160.654   168.234   176.228
17:12:02.822   154.559   166.606   159.753   164.347   172.256
17:12:02.869   157.697   167.317   160.038   165.003   173.022
17:12:02.947   171.525   161.060   153.895   166.392   158.549
17:12:02.948   160.261   169.177   164.157   172.736   174.572
17:12:02.989   157.877   163.316   161.525   158.038   171.007
17:12:03.059   167.668   156.009   156.448   164.721   153.511
17:12:03.060   168.462   164.439   174.452   164.868   153.538
17:12:03.117   164.433   158.776   160.489   169.303   159.683
17:12:03.118   165.211   156.209   174.013   158.784   156.014
17:12:03.164   161.282   155.589   158.658   174.869   156.827
17:12:03.165   160.645   150.627   171.244   150.379   153.408
17:12:03.210   159.590   150.861   160.550   169.463   159.973
17:12:03.212   163.603   151.085   170.399   161.565   153.205
17:12:03.257   162.489   155.685   159.742   170.814   170.158
17:12:03.259   162.286   158.347   172.146   160.637   152.487
17:12:03.290   162.237   150.581   170.743   161.830   151.497
17:12:03.359   165.128   157.634   160.788   163.621   160.515
17:12:03.361   166.718   157.604   169.398   162.032   152.485
17:12:03.414   163.621   150.703   160.820   168.316   158.550
17:12:03.416   165.546   154.842   168.703   161.193   158.350
17:12:03.461   157.999   151.625   160.689   168.786   160.885
17:12:03.462   161.072   157.322   171.969   159.510   151.635
17:12:03.508   161.312   157.862   158.941   168.752   168.380
17:12:03.510   163.192   152.818   170.712   160.708   153.349
17:12:03.539   161.953   160.265   169.364   160.552   149.763
17:12:03.608   167.684   160.700   168.232   167.967   161.470
17:12:03.610   161.924   158.667   168.308   164.577   157.962
17:12:03.667   163.535   156.305   160.323   167.683   160.970
17:12:03.668   165.424   164.233   173.676   163.305   162.985
17:12:03.716   167.097   154.664   161.780   163.430   162.000
17:12:03.717   165.028   165.476   167.189   166.145   154.551
17:12:03.761   164.261   152.918   165.593   170.843   162.759
17:12:03.763   164.789   164.462   174.804   165.017   163.679
17:12:03.790   161.664   162.870   170.306   169.091   151.238
17:12:03.860   163.803   154.903   166.415   159.624   160.315
17:12:03.861   165.152   166.125   169.430   166.304   156.848
17:12:03.918   161.260   157.540   165.060   173.143   157.306
17:12:03.920   146.137   165.319   171.585   161.728   172.452
17:12:03.966   162.672   155.467   164.120   166.614   164.581
17:12:03.968   156.092   164.761   170.738   167.527   172.233
17:12:04.025   156.107   153.656   158.564   168.762   166.854
17:12:04.026   161.076   155.773   174.381   160.619   150.260
17:12:04.074   163.795   159.036   154.551   160.133   160.559
17:12:04.076   156.254   171.517   159.450   167.644   169.878
17:12:04.104   149.177   158.276   161.061   160.190   166.071
17:12:04.159   145.984   156.479   160.942   159.158   150.933
17:12:04.221   152.437   159.872   161.123   162.989   165.126
17:12:04.269   159.492   148.651   170.326   158.575   141.486
17:12:04.349   163.135   154.337   156.074   165.512   163.872
17:12:04.350   149.092   151.500   158.930   154.371   171.501
17:12:04.389   150.723   155.994   162.326   160.947   173.943
17:12:04.442   154.020   156.468   163.027   159.346   172.890
17:12:04.491   154.934   156.309   166.460   157.670   176.507
17:12:04.540   154.254   162.273   165.992   162.871   179.166
17:12:04.602   159.388   159.671   168.577   163.505   176.732
17:12:04.663   159.720   158.967   168.770   161.142   176.676
17:12:04.710   161.480   159.688   165.662   162.379   176.778
17:12:04.759   171.256   168.078   164.690   167.625   178.199
17:12:04.807   166.199   161.711   164.374   164.281   177.194
17:12:04.854   160.436   159.254   163.138   165.508   171.765
17:12:04.902   160.476   162.012   162.690   167.178   175.935
17:12:04.950   161.916   161.178   163.459   164.625   174.396
17:12:04.998   162.047   159.784   161.471   163.983   174.855
17:12:05.047   162.495   160.069   162.015   165.099   174.079
17:12:05.109   164.624   159.406   161.386   165.652   174.433
17:12:05.157   164.460   158.942   162.205   165.726   173.053
17:12:05.221   163.138   155.397   163.686   163.825   173.500
17:12:05.284   163.865   157.196   158.033   162.297   169.484
17:12:05.345   165.428   158.651   162.255   164.996   171.781
17:12:05.393   165.012   158.259   162.540   163.711   171.485
17:12:05.455   162.654   158.590   163.862   166.030   173.105
17:12:05.516   158.902   156.019   164.034   162.082   171.672
17:12:05.565   155.433   160.731   164.132   165.908   172.174
17:12:05.611   157.600   158.428   162.765   165.561   170.327
17:12:05.662   161.643   161.437   166.848   163.346   172.475
17:12:05.723   154.724   160.862   168.091   165.734   171.328
17:12:05.773   154.224   158.981   163.400   164.627   170.756
17:12:05.834   152.178   157.153   159.814   163.305   168.628
17:12:05.882   151.239   157.512   160.262   163.135   168.557
17:12:05.929   151.975   158.487   161.463   160.886   169.978
17:12:05.977   151.900   159.708   162.142   161.354   169.267
17:12:06.024   151.569   159.044   160.993   162.584   168.402
17:12:06.071   150.741   158.211   159.475   161.422   171.549
17:12:06.119   151.860   159.558   161.460   160.919   171.550
17:12:06.182   152.490   157.454   161.506   159.906   171.434
17:12:06.230   150.936   159.446   160.484   160.409   170.614
17:12:06.277   152.261   160.570   160.871   159.040   172.249
17:12:06.327   150.267   157.984   160.996   160.300   170.561
17:12:06.374   151.873   158.593   159.898   159.675   171.369
17:12:06.422   151.883   158.466   163.319   160.805   170.663
17:12:06.470   150.540   158.036   163.313   160.136   170.134
17:12:06.533   151.434   156.687   162.955   160.473   169.825
17:12:06.594   150.952   157.258   161.960   160.019   169.989
17:12:06.641   152.224   158.033   162.449   160.593   170.479
17:12:06.689   151.951   155.942   160.934   158.974   169.385
17:12:06.752   150.322   155.071   161.676   160.492   169.486
17:12:06.813   153.399   153.724   159.096   156.649   167.794
17:12:06.861   152.283   153.949   159.155   157.723   167.181
17:12:06.925   153.352   156.016   159.636   158.131   168.384
17:12:06.987   154.816   153.415   159.473   157.369   167.782
17:12:07.035   154.768   153.490   160.867   158.606   170.331
17:12:07.083   155.150   152.427   159.440   159.132   169.246
17:12:07.131   152.751   152.856   160.076   158.279   169.087
17:12:07.193   153.586   153.693   160.304   156.018   168.808
17:12:07.242   152.536   152.174   159.568   156.518   167.554
17:12:07.290   152.841   152.856   160.686   156.272   166.750
17:12:07.338   152.469   152.954   159.525   157.093   168.409
17:12:07.385   153.510   152.766   160.857   156.960   166.634
17:12:07.445   153.315   153.000   162.234   158.151   168.759
17:12:07.507   155.217   153.750   161.092   158.486   166.756
17:12:07.556   154.661   151.801   164.114   158.455   168.782
17:12:07.603   155.261   151.321   160.530   156.300   165.709
17:12:07.650   158.581   151.873   163.021   159.097   169.872
17:12:07.698   158.394   151.247   161.246   156.774   165.667
17:12:07.746   161.409   152.913   162.639   158.209   166.374
17:12:07.807   159.196   150.449   160.532   157.004   166.019
17:12:07.856   161.982   154.263   162.119   158.249   165.579
17:12:07.919   160.616   153.795   164.129   158.388   168.073
17:12:07.980   161.502   153.853   163.528   156.137   167.894
17:12:08.027   159.077   155.258   165.501   159.075   169.895
17:12:08.090   159.451   154.438   162.698   157.299   165.529
17:12:08.141   163.333   153.449   163.484   157.034   167.031
17:12:08.201   160.507   157.608   164.712   161.405   166.818
17:12:08.262   161.785   157.220   164.202   161.179   168.123
17:12:08.310   158.231   156.530   164.041   157.964   166.162
17:12:08.357   158.544   155.727   162.188   159.412   165.271
17:12:08.405   152.760   156.436   161.569   159.934   163.801
17:12:08.453   153.911   154.266   159.995   159.382   163.452
17:12:08.512   154.341   154.365   160.739   158.865   165.172
17:12:08.562   152.656   155.692   160.861   158.800   164.696
17:12:08.612   152.422   153.651   162.062   156.330   162.778
17:12:08.673   152.882   153.835   160.405   157.951   163.769
17:12:08.721   153.993   153.267   161.157   158.071   162.895
17:12:08.770   155.671   154.797   160.766   159.932   164.643
17:12:08.831   157.599   157.641   161.001   161.381   163.938
17:12:08.880   159.000   153.414   160.641   162.240   168.026
17:12:08.941   156.798   151.678   160.234   157.881   163.947
17:12:08.989   155.560   155.145   161.473   159.747   165.521
17:12:09.039   156.397   152.301   161.003   159.875   166.108
17:12:09.100   157.495   151.987   160.230   157.570   164.839
17:12:09.148   159.005   153.222   161.993   159.538   165.625
17:12:09.196   157.675   151.457   160.443   160.105   166.275
17:12:09.245   156.761   153.426   160.916   160.154   164.807
17:12:09.306   154.757   149.940   160.789   156.866   164.431
17:12:09.354   158.153   152.676   160.161   159.147   164.329
17:12:09.403   157.895   153.007   159.683   157.769   164.847
17:12:09.465   159.191   155.353   161.763   159.416   165.925
17:12:09.512   157.658   152.139   161.756   158.800   166.369
17:12:09.560   160.926   154.566   160.694   160.323   166.173
17:12:09.623   157.677   151.879   161.327   160.353   166.203
17:12:09.670   159.420   153.570   162.211   159.868   166.053
17:12:09.718   158.617   152.628   160.353   161.219   166.769
17:12:09.780   157.520   154.594   162.961   160.891   165.894
17:12:09.827   157.430   153.642   160.888   159.967   165.580
17:12:09.892   157.239   152.494   160.544   159.950   164.789
17:12:09.954   156.384   151.871   160.853   157.498   164.902
17:12:10.014   157.172   152.732   162.255   156.391   165.034
17:12:10.061   156.364   152.310   162.007   157.316   164.970
17:12:10.116   157.591   154.257   161.162   158.174   164.505
17:12:10.173   157.487   152.171   160.027   159.280   166.101
17:12:10.233   156.580   154.492   162.193   160.184   166.207
17:12:10.281   159.457   152.306   159.508   157.978   165.071
17:12:10.330   156.475   153.094   161.685   160.635   165.690
17:12:10.379   158.433   153.196   159.155   158.589   163.896
17:12:10.425   158.818   152.321   160.813   160.204   167.886
17:12:10.473   156.206   154.060   162.414   160.771   166.600
17:12:10.522   159.252   152.827   161.579   156.212   165.476
17:12:10.584   159.611   154.156   163.829   161.211   168.347
17:12:10.635   157.883   154.110   160.951   161.336   166.675
17:12:10.697   157.427   152.829   160.433   158.845   165.882
17:12:10.745   158.508   151.015   160.691   158.761   166.801
17:12:10.793   158.888   153.569   160.669   161.191   165.180
17:12:10.855   158.855   153.283   159.901   161.025   167.239
17:12:10.905   157.961   151.805   159.378   158.580   164.968
17:12:10.966   158.515   153.414   161.311   161.094   167.195
17:12:11.015   158.421   151.827   160.568   158.704   165.292
17:12:11.063   158.246   152.189   160.942   158.453   166.357
17:12:11.124   156.977   152.117   160.602   158.079   166.134
17:12:11.172   158.308   153.116   161.225   158.724   166.260
17:12:11.220   157.130   152.610   160.307   160.811   167.572
17:12:11.269   159.141   152.687   160.637   160.864   166.901
17:12:11.329   159.503   151.817   160.934   158.512   167.023
17:12:11.378   158.669   151.960   159.417   159.528   167.194
17:12:11.426   156.015   152.736   160.574   159.029   165.520
17:12:11.474   157.866   152.045   157.789   158.604   166.423
17:12:11.522   160.131   150.791   159.774   157.779   166.751
17:12:11.571   159.056   152.203   161.132   159.502   167.170
17:12:11.633   158.663   153.928   161.247   162.439   166.533
17:12:11.681   157.185   152.024   158.617   158.958   165.577
17:12:11.742   156.542   152.261   159.539   158.933   166.293
17:12:11.792   158.255   153.722   161.499   159.794   168.776
17:12:11.852   158.121   150.751   160.785   159.329   167.784
17:12:11.914   155.781   151.206   161.391   158.429   166.963
17:12:11.964   156.473   151.428   160.052   161.641   167.099
17:12:12.011   156.275   151.530   160.443   158.656   166.806
17:12:12.058   158.550   152.170   162.672   158.647   168.118
17:12:12.107   156.937   151.651   160.281   159.905   167.049
17:12:12.155   156.334   152.684   163.362   159.542   169.256
17:12:12.218   157.978   153.359   161.896   159.562   168.605
17:12:12.265   155.067   154.302   161.820   159.487   168.068
17:12:12.314   156.363   152.896   162.775   157.895   169.600
17:12:12.362   158.196   150.199   161.899   155.758   168.174
17:12:12.423   159.020   154.232   164.128   162.264   170.235
17:12:12.472   159.719   152.066   161.349   159.271   168.259
17:12:12.536   160.153   152.042   163.145   157.855   168.781
17:12:12.598   158.905   150.640   160.923   159.724   168.503
17:12:12.644   159.043   151.630   161.772   158.794   168.773
17:12:12.692   159.633   151.595   160.673   159.406   169.337
17:12:12.740   158.437   153.741   162.909   161.271   169.612
17:12:12.804   159.439   151.647   161.363   159.551   169.642
17:12:12.867   159.154   153.958   163.466   161.286   170.159
17:12:12.926   158.531   153.791   163.055   159.375   171.628
17:12:12.975   158.480   152.693   161.679   157.889   169.800
17:12:13.035   157.085   155.291   163.552   160.683   172.211
17:12:13.096   156.232   152.417   161.365   158.006   170.973
17:12:13.144   157.877   154.230   163.178   159.060   172.569
17:12:13.206   157.657   152.739   161.237   157.478   168.891
17:12:13.255   158.023   156.254   163.663   159.003   172.040
17:12:13.316   160.005   153.081   161.873   158.125   171.329
17:12:13.366   159.881   156.130   162.940   160.560   172.299
17:12:13.424   161.261   154.501   161.255   160.870   171.286
17:12:13.486   161.188   153.957   163.068   160.481   172.243
17:12:13.534   159.219   155.021   165.131   159.855   172.836
17:12:13.582   157.855   155.256   164.266   158.971   171.681
17:12:13.629   156.635   153.642   163.535   159.718   171.124
17:12:13.690   155.819   151.987   162.823   156.793   170.868
17:12:13.739   156.996   151.518   164.271   157.467   171.038
17:12:13.799   155.449   151.961   164.676   157.495   171.788
17:12:13.848   156.032   153.160   164.631   155.297   170.965
17:12:13.896   156.536   152.407   165.521   156.774   171.361
17:12:13.958   154.192   151.158   163.973   156.316   170.826
17:12:14.007   157.147   153.776   165.117   158.715   172.314
17:12:14.069   153.575   152.931   165.292   159.262   171.402
17:12:14.119   156.985   152.146   165.062   157.568   171.555
17:12:14.179   154.356   151.566   165.636   155.756   170.292
17:12:14.226   156.151   152.841   164.133   156.715   172.228
17:12:14.275   154.685   150.614   163.751   156.326   170.079
17:12:14.323   150.162   150.007   166.123   157.056   170.369
17:12:14.370   157.825   148.512   163.355   152.265   167.125
17:12:14.421   154.361   149.565   163.008   160.293   169.796
17:12:14.482   156.110   150.321   164.359   157.647   171.304
17:12:14.542   154.319   151.580   161.450   159.132   170.018
17:12:14.592   152.150   148.621   162.387   157.077   170.185
17:12:14.640   153.426   148.805   162.512   154.963   169.553
17:12:14.689   153.777   151.163   161.145   157.750   169.770
17:12:14.737   150.958   150.130   160.050   157.782   168.490
17:12:14.798   153.347   148.332   158.899   155.469   169.915
17:12:14.860   150.289   149.358   159.502   157.444   167.962
17:12:14.907   150.315   147.305   159.223   153.992   168.592
17:12:14.955   151.085   148.299   159.402   157.065   168.072
17:12:15.005   151.074   147.182   159.846   154.291   168.460
17:12:15.068   149.044   145.228   159.838   152.602   165.862
17:12:15.116   151.281   144.111   159.641   151.817   167.208
17:12:15.177   154.065   148.387   158.635   156.019   168.206
17:12:15.226   151.195   151.742   158.777   159.912   167.643
17:12:15.275   151.915   149.459   158.589   155.825   165.886
17:12:15.338   152.194   147.805   158.827   156.311   167.708
17:12:15.385   146.377   148.447   160.354   157.810   166.993
17:12:15.435   151.576   142.534   157.803   153.859   168.094
17:12:15.496   147.971   147.238   160.216   154.966   168.537
17:12:15.542   149.740   145.267   157.750   153.898   165.300
17:12:15.591   151.150   142.770   158.104   150.808   165.363
17:12:15.639   147.397   148.843   159.084   158.028   166.313
17:12:15.686   152.625   141.221   157.260   152.044   166.898
17:12:15.734   144.358   146.918   159.084   156.323   166.662
17:12:15.782   148.611   144.055   156.375   152.862   168.012
17:12:15.829   148.107   141.084   156.508   152.859   168.839
17:12:15.879   149.337   144.053   156.101   154.323   168.753
17:12:15.940   145.172   147.019   157.371   157.782   165.052
17:12:16.002   149.391   140.902   153.701   151.677   165.918
17:12:16.051   150.177   140.872   155.483   150.900   167.077
17:12:16.113   147.026   144.331   156.316   154.600   166.618
17:12:16.175   149.555   140.462   154.884   150.841   168.446
17:12:16.224   147.953   146.747   158.211   158.150   167.442
17:12:16.273   148.558   144.223   154.934   153.230   167.864
17:12:16.321   146.525   146.023   158.684   156.277   170.367
17:12:16.382   149.234   144.539   159.603   155.230   169.509
17:12:16.431   150.671   145.819   157.329   158.034   168.645
17:12:16.492   150.164   145.629   157.603   157.859   169.429
17:12:16.540   149.206   145.744   157.228   156.955   170.673
17:12:16.588   150.079   145.822   156.578   157.533   166.825
17:12:16.635   151.214   145.913   158.499   157.234   170.339
17:12:16.684   148.941   144.077   156.960   157.208   166.783
17:12:16.734   145.395   144.051   157.807   154.243   167.885
17:12:16.796   146.033   144.012   158.012   153.910   166.402
17:12:16.844   144.897   143.289   156.688   152.242   166.638
17:12:16.892   147.888   143.796   157.859   154.534   166.855
17:12:16.940   147.557   143.590   157.644   157.467   168.289
17:12:16.988   149.375   142.252   159.220   154.613   168.416
17:12:17.049   149.942   142.800   159.364   153.977   168.080
17:12:17.097   149.108   142.516   157.616   154.411   167.292
17:12:17.147   147.106   143.567   157.062   154.652   167.420
17:12:17.194   149.563   143.398   157.627   154.896   167.118
17:12:17.241   149.566   144.434   158.900   156.003   165.912
17:12:17.290   149.384   143.531   158.361   154.740   167.754
17:12:17.338   147.975   143.154   158.086   156.790   167.612
17:12:17.401   147.836   142.486   157.967   156.260   168.051
17:12:17.464   147.860   143.254   157.972   152.579   167.474
17:12:17.513   146.506   142.337   158.908   152.573   165.558
17:12:17.576   148.368   143.309   157.578   153.778   167.778
17:12:17.638   148.184   143.663   157.833   154.488   167.709
17:12:17.685   149.133   142.337   159.037   152.293   167.663
17:12:17.746   148.944   144.284   158.792   154.528   166.058
17:12:17.796   151.165   143.426   159.593   153.103   167.448
17:12:17.858   150.133   145.640   158.599   157.069   168.407
17:12:17.906   149.189   143.951   157.617   154.577   167.587
17:12:17.968   150.979   143.950   159.070   153.643   166.692
17:12:18.017   151.382   146.839   158.477   157.254   167.339
17:12:18.065   151.546   144.068   159.322   154.238   168.136
17:12:18.114   149.945   143.276   159.353   153.619   168.660
17:12:18.175   151.256   145.177   160.384   152.531   166.352
17:12:18.221   149.118   145.324   159.226   156.405   168.502
17:12:18.270   149.823   146.376   159.160   156.502   167.510
17:12:18.318   150.649   143.210   159.487   154.156   168.324
17:12:18.366   148.433   144.567   159.645   156.701   167.361
17:12:18.416   147.824   143.829   158.800   154.115   168.295
17:12:18.467   148.757   147.370   159.781   156.625   167.985
17:12:18.528   148.289   143.277   158.913   155.942   168.986
17:12:18.591   145.679   143.126   158.179   157.434   168.400
17:12:18.652   147.312   142.069   157.864   153.683   168.613
17:12:18.712   145.147   143.274   159.351   156.083   166.903
17:12:18.762   147.875   142.952   159.626   153.557   166.290
17:12:18.823   143.324   143.771   160.709   154.256   167.325
17:12:18.872   146.738   143.043   160.054   153.423   166.999
17:12:18.919   146.411   142.660   160.432   152.678   166.037
17:12:18.967   145.146   142.542   159.199   153.263   167.540
17:12:19.014   145.228   144.686   160.732   154.297   167.366
17:12:19.062   144.841   144.086   160.699   153.732   167.052
17:12:19.124   145.914   143.094   160.680   152.105   168.635
17:12:19.173   148.104   143.249   160.567   154.496   168.238
17:12:19.235   146.561   143.033   160.186   154.638   168.054
17:12:19.283   144.997   143.452   159.484   154.675   165.922
17:12:19.344   144.823   141.497   159.111   153.147   165.055
17:12:19.393   144.995   138.104   159.705   147.384   164.042
17:12:19.455   140.769   138.023   159.457   147.993   164.375
17:12:19.504   145.606   136.801   159.900   146.193   163.077
17:12:19.565   140.196   135.894   160.339   145.151   165.239
17:12:19.616   143.864   137.941   160.056   143.637   164.225
17:12:19.675   142.769   137.101   159.823   144.507   163.550
17:12:19.722   140.824   137.466   158.895   144.597   162.957
17:12:19.771   144.789   136.971   159.677   144.976   162.759
17:12:19.819   143.114   136.661   158.180   144.821   162.426
17:12:19.866   141.665   135.724   160.443   142.087   164.381
17:12:19.914   141.142   136.818   160.230   142.869   164.276
17:12:19.964   141.094   135.668   159.095   142.244   163.230
17:12:20.023   142.236   134.392   161.174   141.030   163.132
17:12:20.071   140.911   135.423   158.765   144.785   162.506
17:12:20.134   143.622   134.952   160.862   143.190   163.817
17:12:20.182   141.417   135.501   158.981   143.654   162.004
17:12:20.230   137.148   135.777   157.880   145.303   163.173
17:12:20.278   136.549   136.976   159.024   146.657   164.360
17:12:20.326   139.218   135.337   158.346   147.969   163.101
17:12:20.374   137.443   135.837   159.623   144.222   164.136
17:12:20.423   136.037   135.887   158.992   148.621   158.620
17:12:20.486   138.379   135.058   157.723   145.042   161.986
17:12:20.535   136.733   137.641   157.930   149.839   159.176
17:12:20.596   139.169   136.494   159.527   147.888   160.613
17:12:20.646   140.480   134.229   159.744   147.436   158.469
17:12:20.693   138.209   136.450   159.345   142.801   162.443
17:12:20.742   138.713   135.398   159.559   145.426   160.426
17:12:20.804   141.608   138.010   159.338   144.347   164.071
17:12:20.867   138.434   135.235   157.741   148.592   157.555
17:12:20.916   140.318   135.927   158.976   147.768   164.676
17:12:20.976   136.450   135.020   157.239   147.555   158.705
17:12:21.025   138.615   136.693   158.619   143.997   163.752
17:12:21.073   137.758   137.677   157.649   149.622   160.199
17:12:21.136   137.487   138.477   157.676   151.519   164.932
17:12:21.199   134.899   139.907   157.084   150.039   162.847
17:12:21.248   136.085   137.668   157.844   149.247   158.608
17:12:21.308   140.728   137.384   160.271   145.704   164.319
17:12:21.356   139.798   135.788   156.593   145.866   159.415
17:12:21.405   143.393   134.195   158.844   140.838   164.430
17:12:21.467   137.235   134.864   155.942   142.238   159.556
17:12:21.514   146.999   135.843   157.043   142.057   162.574
17:12:21.563   139.296   136.623   155.779   141.873   158.723
17:12:21.625   144.148   136.645   157.615   141.194   162.288
17:12:21.673   142.035   137.031   156.094   142.321   162.066
17:12:21.735   140.481   137.111   155.159   147.228   158.518
17:12:21.783   148.873   133.343   158.207   140.524   162.611
17:12:21.831   144.693   137.033   155.202   139.517   165.054
17:12:21.894   150.753   137.093   156.615   142.802   164.097
17:12:21.957   144.927   139.144   155.894   142.448   160.375
17:12:22.005   152.505   136.080   156.232   144.657   161.096
17:12:22.054   144.841   134.919   155.425   140.414   159.877
17:12:22.116   151.429   134.592   157.027   141.505   163.904
17:12:22.179   146.739   137.050   154.990   142.743   162.198
17:12:22.226   149.679   136.614   156.810   142.297   163.345
17:12:22.274   148.900   137.306   156.815   142.953   162.313
17:12:22.336   153.035   134.161   156.105   141.243   165.209
17:12:22.385   152.234   133.779   151.284   138.071   161.027
17:12:22.446   148.981   135.412   153.473   140.164   162.345
17:12:22.493   150.049   134.142   153.044   137.327   161.971
17:12:22.541   149.473   135.982   153.809   142.346   166.939
17:12:22.589   151.458   135.663   151.168   142.010   163.917
17:12:22.636   153.156   134.953   152.913   139.231   163.466
17:12:22.685   151.572   137.294   152.292   143.000   165.232
17:12:22.732   151.669   139.754   153.978   144.424   164.642
17:12:22.779   152.840   137.117   153.565   142.099   164.536
17:12:22.827   150.706   137.624   151.670   144.734   164.597
17:12:22.875   149.722   135.420   153.752   138.818   165.676
17:12:22.937   150.100   137.103   151.875   144.289   165.464
17:12:22.986   148.405   139.710   151.183   146.024   165.345
17:12:23.047   150.003   137.849   150.768   143.849   165.526
17:12:23.096   148.376   137.219   150.517   144.154   164.093
17:12:23.158   150.680   135.729   151.814   140.187   164.824
17:12:23.219   146.065   138.139   148.507   145.531   162.876
17:12:23.269   145.631   135.359   151.310   141.158   163.989
17:12:23.331   145.184   138.960   150.488   148.938   160.285
17:12:23.379   148.191   134.771   151.471   142.981   163.748
17:12:23.426   144.902   136.251   152.120   145.769   162.740
17:12:23.475   146.178   134.280   149.789   142.153   164.222
17:12:23.537   146.287   135.175   150.827   145.132   164.571
17:12:23.586   150.099   136.462   152.205   145.867   162.659
17:12:23.647   153.076   134.619   159.471   147.313   167.124
17:12:23.695   153.454   139.828   156.836   147.187   161.666
17:12:23.759   156.614   132.201   153.017   144.238   162.669
17:12:23.806   158.312   134.867   156.115   147.732   155.827
17:12:23.854   157.198   134.630   158.033   143.392   155.617
17:12:23.950   152.214   135.911   167.323   134.206   145.370
17:12:23.952   153.007   134.779   158.231   141.730   155.361
17:12:24.008   162.913   127.760   155.835   140.747   153.280
17:12:24.075   140.246   149.409   159.175    75.235   126.883
17:12:24.077   161.887   126.989   162.102   138.208   156.560
17:12:24.123   158.897   127.980   164.059   138.862   157.516
17:12:24.194   157.693   127.241   170.575   137.609   153.927
17:12:24.266   166.100   144.493   161.481   149.827   163.562
17:12:24.268   164.202   136.137   159.028   136.168   151.821
17:12:24.327   162.782   137.788   165.322   154.218   146.538
17:12:24.329   160.191   136.134   166.214   137.337   153.327
17:12:24.374   154.182   153.663   167.180   152.108   141.351
17:12:24.376   160.545   142.389   162.800   136.686   149.649
17:12:24.422   140.586   161.168   169.777   145.578   129.405
17:12:24.423   155.159   139.840   165.490   139.936   151.960
17:12:24.470   159.075   141.440   158.124   145.523   153.910
17:12:24.520   161.650   138.308   167.696   141.684   154.728
17:12:24.585   147.231   138.501   158.125   138.134   166.331
17:12:24.587   158.648   145.095   160.238   141.784   153.827
17:12:24.627   160.937   143.318   166.318   142.885   153.309
17:12:24.678   164.182   147.085   162.344   149.662   158.865
17:12:24.740   162.495   148.874   164.729   148.698   160.476
17:12:24.805   141.472   159.418   169.514   161.289   169.131
17:12:24.806   166.942   153.186   161.745   155.332   165.050
17:12:24.846   161.104   155.490   165.489   158.664   168.636
17:12:24.897   166.591   154.066   160.909   160.779   169.517
17:12:24.945   168.046   156.919   166.465   159.401   172.042
17:12:24.999   162.359   147.257   165.274   153.126   171.236
17:12:25.076   153.557   156.062   141.238   159.469   144.460
17:12:25.077   162.083   163.151   169.047   158.593   175.434
17:12:25.136   147.015   162.242   173.419   147.677   169.257
17:12:25.138   160.205   163.194   165.228   153.567   166.961
17:12:25.180   148.554   173.190   162.787   168.787   152.106
17:12:25.230   149.640   158.484   161.820   151.078   156.295
17:12:25.277   149.027   155.169   154.717   158.108   151.758
17:12:25.324   150.300   155.808   155.976   154.626   153.419
17:12:25.373   157.731   173.022   157.493   159.843   140.292
17:12:25.434   109.607   126.546   147.899   121.016   123.122
